track type=bedGraph name=GBR_chr22
chr22	34153000	34229000 2
chr22	49291000	49318000 1
chr22	47196000	47222000 1
chr22	32828000	32932000 1
chr22	19419000	19523000 1
chr22	49538000	49554000 1
chr22	47598000	47634000 1
chr22	49266000	49318000 1
chr22	49276000	49303000 1
chr22	32333000	32551000 3
chr22	30675000	30748000 1
chr22	31738000	31952000 1
chr22	20047000	20101000 2
chr22	26728000	26788000 1
chr22	32792000	32824000 2
chr22	27532000	27642000 1
chr22	49865000	49912000 1
chr22	24693000	24817000 1
chr22	19345000	19558000 1
chr22	19044000	19091000 1
chr22	43094000	43135000 1
chr22	35260000	35294000 1
chr22	27326000	27366000 1
chr22	43789000	43827000 1
chr22	47300000	47446000 1
chr22	43786000	43842000 1
chr22	49805000	49839000 1
chr22	35944000	35964000 1
chr22	26895000	26953000 1
chr22	19409000	19522000 1
chr22	35418000	35449000 1
chr22	49537000	49555000 1
chr22	49262000	49303000 3
chr22	28737000	28921000 1
chr22	41956000	41997000 1
chr22	32869000	32899000 3
chr22	47196000	47336000 1
chr22	34402000	34422000 3
chr22	44323000	44378000 1
chr22	42277000	42346000 1
chr22	49145000	49176000 1
chr22	48688000	48701000 1
chr22	49525000	49554000 1
chr22	45220000	45263000 1
chr22	48599000	48645000 1
chr22	41953000	41998000 1
chr22	49758000	49832000 1
chr22	26212000	26271000 1
chr22	30616000	30755000 1
chr22	34109000	34165000 1
chr22	39630000	39660000 1
chr22	46142000	46284000 1
chr22	32792000	32825000 1
chr22	20060000	20101000 2
chr22	50466000	50488000 1
chr22	51033000	51067000 2
chr22	27322000	27368000 1
chr22	49275000	49315000 1
chr22	32950000	32999000 1
chr22	20061000	20101000 1
chr22	50137000	50237000 1
chr22	50285000	50353000 1
chr22	30586000	30656000 1
chr22	45220000	45239000 1
chr22	50869000	50924000 1
chr22	28375000	28435000 1
chr22	20062000	20101000 3
chr22	32965000	32983000 1
chr22	45696000	45760000 2
chr22	50121000	50237000 1
chr22	49499000	49526000 2
chr22	32668000	32747000 2
chr22	19344000	19574000 1
chr22	34109000	34231000 1
chr22	49086000	49123000 1
chr22	35417000	35444000 1
chr22	44323000	44379000 1
chr22	19419000	19525000 1
chr22	32791000	32826000 1
chr22	28752000	28927000 1
chr22	20194000	20205000 1
chr22	19016000	19083000 1
chr22	40815000	41035000 1
chr22	49086000	49109000 1
chr22	49207000	49244000 3
chr22	49436000	49554000 2
chr22	27620000	27635000 1
chr22	35418000	35444000 1
chr22	25496000	25542000 1
chr22	47350000	47372000 1
chr22	17591000	17669000 1
chr22	20060000	20102000 1
chr22	50029000	50065000 1
chr22	27326000	27368000 2
chr22	43786000	43813000 2
chr22	26902000	26976000 1
chr22	30577000	30624000 1
chr22	42176000	42218000 1
chr22	47300000	47370000 2
chr22	50869000	50925000 1
chr22	49536000	49592000 1
chr22	49525000	49566000 1
chr22	50455000	50488000 1
chr22	49858000	49912000 1
chr22	30609000	30658000 1
chr22	40947000	41051000 1
chr22	48599000	48630000 1
chr22	49286000	49318000 1
chr22	27324000	27369000 1
chr22	49145000	49178000 1
chr22	33107000	33192000 1
chr22	32698000	32747000 2
chr22	46314000	46330000 2
chr22	28611000	28675000 1
chr22	49563000	49592000 1
chr22	49761000	49780000 1
chr22	36960000	37004000 1
chr22	40815000	41036000 1
chr22	45696000	45751000 1
chr22	19419000	19530000 1
chr22	25134000	25198000 2
chr22	28612000	28675000 2
chr22	32792000	32831000 1
chr22	20153000	20206000 1
chr22	27145000	27162000 1
chr22	47300000	47449000 1
chr22	43786000	43814000 7
chr22	48589000	48625000 1
chr22	49518000	49554000 1
chr22	31442000	31518000 1
chr22	26054000	26086000 1
chr22	28613000	28675000 1
chr22	45696000	45758000 1
chr22	47196000	47271000 1
chr22	31443000	31518000 2
chr22	50285000	50345000 1
chr22	45695000	45752000 1
chr22	49353000	49379000 1
chr22	40805000	41035000 1
chr22	33152000	33227000 1
chr22	28640000	28675000 1
chr22	22242000	22345000 1
chr22	37380000	37403000 1
chr22	50303000	50351000 1
chr22	28753000	28912000 3
chr22	49538000	49558000 1
chr22	27658000	27675000 1
chr22	34167000	34252000 1
chr22	30539000	30700000 1
chr22	45696000	45752000 4
chr22	33126000	33217000 2
chr22	46661000	46775000 1
chr22	45241000	45263000 2
chr22	34361000	34427000 1
chr22	32895000	32992000 1
chr22	49522000	49558000 1
chr22	20058000	20179000 1
chr22	28754000	28912000 1
chr22	20067000	20205000 2
chr22	19419000	19517000 1
chr22	17865000	17968000 1
chr22	33127000	33217000 1
chr22	19419000	19521000 4
chr22	43782000	43816000 1
chr22	35259000	35294000 1
chr22	43342000	43403000 1
chr22	50305000	50351000 1
chr22	31842000	31987000 1
chr22	26136000	26264000 1
chr22	35358000	35383000 2
chr22	19419000	19569000 2
chr22	32726000	32746000 1
chr22	47234000	47271000 1
chr22	28092000	28112000 1
chr22	32671000	32747000 1
chr22	19154000	19282000 1
chr22	37654000	37691000 1
chr22	34139000	34229000 2
chr22	50114000	50217000 1
chr22	28640000	28676000 1
chr22	50316000	50353000 1
chr22	28753000	28913000 1
chr22	28740000	28912000 1
chr22	42285000	42346000 5
chr22	46620000	46755000 1
chr22	48599000	48653000 1
chr22	19418000	19522000 1
chr22	43341000	43404000 1
chr22	50317000	50353000 1
chr22	28741000	28912000 1
chr22	19419000	19518000 2
chr22	35321000	35335000 2
chr22	33123000	33219000 1
chr22	40626000	40679000 1
chr22	32671000	32727000 1
chr22	19419000	19522000 8
chr22	23301000	23359000 1
chr22	28613000	28677000 1
chr22	49806000	49827000 1
chr22	49083000	49121000 1
chr22	24410000	24591000 1
chr22	50033000	50065000 2
chr22	19419000	19539000 1
chr22	44150000	44202000 3
chr22	32792000	32854000 3
chr22	49276000	49319000 1
chr22	32671000	32748000 1
chr22	37438000	37496000 1
chr22	41954000	41996000 2
chr22	49213000	49244000 1
chr22	32318000	32552000 1
chr22	32824000	32908000 1
chr22	44151000	44202000 3
chr22	49206000	49303000 1
chr22	28640000	28677000 1
chr22	49536000	49554000 1
chr22	49494000	49525000 1
chr22	45231000	45263000 1
chr22	17591000	17656000 1
chr22	19434000	19521000 1
chr22	27486000	27509000 1
chr22	47300000	47349000 1
chr22	49805000	49842000 1
chr22	26902000	26959000 1
chr22	27047000	27110000 1
chr22	49265000	49318000 2
chr22	19642000	19656000 2
