HG00096.decoded.hap1.txt:22	0	17486000	17487000	Human	0.96956	4
HG00096.decoded.hap1.txt:22	17502000	19967000	2466000	Human	0.99051	37
HG00096.decoded.hap1.txt:22	20227000	24617000	4391000	Human	0.99278	42
HG00096.decoded.hap1.txt:22	24669000	25226000	558000	Human	0.98527	7
HG00096.decoded.hap1.txt:22	25279000	27772000	2494000	Human	0.98956	50
HG00096.decoded.hap1.txt:22	27784000	29590000	1807000	Human	0.99406	32
HG00096.decoded.hap1.txt:22	29886000	30671000	786000	Human	0.98374	9
HG00096.decoded.hap1.txt:22	30791000	32331000	1541000	Human	0.991	24
HG00096.decoded.hap1.txt:22	32332000	32551000	220000	Archaic	0.98251	120
HG00096.decoded.hap1.txt:22	32552000	32666000	115000	Human	0.95866	1
HG00096.decoded.hap1.txt:22	32667000	32747000	81000	Archaic	0.9697	31
HG00096.decoded.hap1.txt:22	32791000	32853000	63000	Archaic	0.9677	17
HG00096.decoded.hap1.txt:22	32854000	33143000	290000	Human	0.9792	7
HG00096.decoded.hap1.txt:22	33192000	37654000	4463000	Human	0.99381	117
HG00096.decoded.hap1.txt:22	37684000	45240000	7557000	Human	0.99373	138
HG00096.decoded.hap1.txt:22	45263000	46313000	1051000	Human	0.99506	27
HG00096.decoded.hap1.txt:22	46336000	49493000	3158000	Human	0.99724	80
HG00096.decoded.hap1.txt:22	49525000	49794000	270000	Human	0.99256	9
HG00096.decoded.hap1.txt:22	49798000	49926000	129000	Human	0.97514	4
HG00096.decoded.hap1.txt:22	49927000	50064000	138000	Archaic	0.95588	49
HG00096.decoded.hap1.txt:22	50065000	50340000	276000	Human	0.98591	10
HG00096.decoded.hap1.txt:22	50348000	51162000	815000	Human	0.99295	9
HG00096.decoded.hap2.txt:22	0	19418000	19419000	Human	0.97182	24
HG00096.decoded.hap2.txt:22	19522000	20024000	503000	Human	0.98487	13
HG00096.decoded.hap2.txt:22	20112000	24479000	4368000	Human	0.9882	48
HG00096.decoded.hap2.txt:22	24784000	26896000	2113000	Human	0.97948	52
HG00096.decoded.hap2.txt:22	26957000	27772000	816000	Human	0.98471	19
HG00096.decoded.hap2.txt:22	27784000	29634000	1851000	Human	0.99003	36
HG00096.decoded.hap2.txt:22	29886000	30671000	786000	Human	0.98382	8
HG00096.decoded.hap2.txt:22	30793000	32331000	1539000	Human	0.99156	23
HG00096.decoded.hap2.txt:22	32332000	32551000	220000	Archaic	0.98251	119
HG00096.decoded.hap2.txt:22	32552000	32666000	115000	Human	0.95866	1
HG00096.decoded.hap2.txt:22	32667000	32747000	81000	Archaic	0.9697	30
HG00096.decoded.hap2.txt:22	32900000	34151000	1252000	Human	0.99502	24
HG00096.decoded.hap2.txt:22	34152000	34228000	77000	Archaic	0.9738	33
HG00096.decoded.hap2.txt:22	34229000	36762000	2534000	Human	0.99573	61
HG00096.decoded.hap2.txt:22	36778000	37655000	878000	Human	0.99018	15
HG00096.decoded.hap2.txt:22	37668000	38831000	1164000	Human	0.98865	18
HG00096.decoded.hap2.txt:22	38833000	40723000	1891000	Human	0.99043	31
HG00096.decoded.hap2.txt:22	40727000	40947000	221000	Human	0.96294	2
HG00096.decoded.hap2.txt:22	40964000	43788000	2825000	Human	0.99114	57
HG00096.decoded.hap2.txt:22	43832000	47445000	3614000	Human	0.99348	115
HG00096.decoded.hap2.txt:22	47449000	48026000	578000	Human	0.99398	10
HG00096.decoded.hap2.txt:22	48040000	49354000	1315000	Human	0.99179	59
HG00096.decoded.hap2.txt:22	49475000	51162000	1688000	Human	0.99805	30
HG00097.decoded.hap1.txt:22	0	17953000	17954000	Human	0.97105	7
HG00097.decoded.hap1.txt:22	18052000	18533000	482000	Human	0.98742	10
HG00097.decoded.hap1.txt:22	18544000	19053000	510000	Human	0.97752	6
HG00097.decoded.hap1.txt:22	19090000	19418000	329000	Human	0.97883	9
HG00097.decoded.hap1.txt:22	19419000	19568000	150000	Archaic	0.97191	32
HG00097.decoded.hap1.txt:22	19569000	21983000	2415000	Human	0.98556	28
HG00097.decoded.hap1.txt:22	21992000	23299000	1308000	Human	0.99278	16
HG00097.decoded.hap1.txt:22	23319000	26211000	2893000	Human	0.99494	55
HG00097.decoded.hap1.txt:22	26267000	27323000	1057000	Human	0.99256	23
HG00097.decoded.hap1.txt:22	27324000	27367000	44000	Archaic	0.96523	15
HG00097.decoded.hap1.txt:22	27368000	30955000	3588000	Human	0.98915	81
HG00097.decoded.hap1.txt:22	31027000	31272000	246000	Human	0.95308	8
HG00097.decoded.hap1.txt:22	31483000	32725000	1243000	Human	0.98861	17
HG00097.decoded.hap1.txt:22	32825000	35320000	2496000	Human	0.9944	50
HG00097.decoded.hap1.txt:22	35335000	43788000	8454000	Human	0.99359	175
HG00097.decoded.hap1.txt:22	43827000	45237000	1411000	Human	0.99527	43
HG00097.decoded.hap1.txt:22	45263000	49298000	4036000	Human	0.99828	105
HG00097.decoded.hap1.txt:22	49385000	49598000	214000	Human	0.9808	15
HG00097.decoded.hap1.txt:22	49599000	49638000	40000	Archaic	0.97622	26
HG00097.decoded.hap1.txt:22	49639000	49685000	47000	Human	0.95611	0
HG00097.decoded.hap1.txt:22	49692000	50289000	598000	Human	0.98996	14
HG00097.decoded.hap1.txt:22	50351000	51082000	732000	Human	0.99009	19
HG00097.decoded.hap2.txt:22	0	17488000	17489000	Human	0.96956	2
HG00097.decoded.hap2.txt:22	17489000	17569000	81000	Archaic	0.97528	33
HG00097.decoded.hap2.txt:22	17570000	17711000	142000	Human	0.96132	2
HG00097.decoded.hap2.txt:22	17717000	18248000	532000	Human	0.9883	7
HG00097.decoded.hap2.txt:22	18262000	18535000	274000	Human	0.98438	4
HG00097.decoded.hap2.txt:22	18543000	19418000	876000	Human	0.98764	9
HG00097.decoded.hap2.txt:22	19523000	19647000	125000	Human	0.95089	1
HG00097.decoded.hap2.txt:22	19656000	24691000	5036000	Human	0.99002	61
HG00097.decoded.hap2.txt:22	24796000	25476000	681000	Human	0.97347	13
HG00097.decoded.hap2.txt:22	25822000	26780000	959000	Human	0.98656	21
HG00097.decoded.hap2.txt:22	26790000	27320000	531000	Human	0.98696	16
HG00097.decoded.hap2.txt:22	27365000	28349000	985000	Human	0.99454	19
HG00097.decoded.hap2.txt:22	28648000	30672000	2025000	Human	0.98366	56
HG00097.decoded.hap2.txt:22	30758000	32868000	2111000	Human	0.99543	24
HG00097.decoded.hap2.txt:22	32900000	35357000	2458000	Human	0.98698	66
HG00097.decoded.hap2.txt:22	35383000	38192000	2810000	Human	0.99463	64
HG00097.decoded.hap2.txt:22	38221000	41228000	3008000	Human	0.99029	53
HG00097.decoded.hap2.txt:22	41373000	49175000	7803000	Human	0.99488	201
HG00097.decoded.hap2.txt:22	49185000	49333000	149000	Human	0.95353	6
HG00097.decoded.hap2.txt:22	49334000	49361000	28000	Archaic	0.95786	23
HG00097.decoded.hap2.txt:22	49362000	51082000	1721000	Human	0.99549	37
HG00099.decoded.hap1.txt:22	0	18562000	18563000	Human	0.97196	20
HG00099.decoded.hap1.txt:22	18594000	19064000	471000	Human	0.97527	3
HG00099.decoded.hap1.txt:22	19089000	20046000	958000	Human	0.99043	18
HG00099.decoded.hap1.txt:22	20227000	20775000	549000	Human	0.9723	0
HG00099.decoded.hap1.txt:22	20791000	22940000	2150000	Human	0.99068	22
HG00099.decoded.hap1.txt:22	22955000	23300000	346000	Human	0.97925	9
HG00099.decoded.hap1.txt:22	23301000	23359000	59000	Archaic	0.96458	18
HG00099.decoded.hap1.txt:22	23360000	25492000	2133000	Human	0.99197	33
HG00099.decoded.hap1.txt:22	25583000	26901000	1319000	Human	0.98441	33
HG00099.decoded.hap1.txt:22	26924000	27320000	397000	Human	0.98026	12
HG00099.decoded.hap1.txt:22	27330000	27663000	334000	Human	0.98538	9
HG00099.decoded.hap1.txt:22	27674000	28638000	965000	Human	0.98351	18
HG00099.decoded.hap1.txt:22	28913000	29930000	1018000	Human	0.96578	19
HG00099.decoded.hap1.txt:22	29996000	30652000	657000	Human	0.98431	9
HG00099.decoded.hap1.txt:22	30742000	32053000	1312000	Human	0.98418	27
HG00099.decoded.hap1.txt:22	32060000	32331000	272000	Human	0.95543	8
HG00099.decoded.hap1.txt:22	32332000	32551000	220000	Archaic	0.98223	126
HG00099.decoded.hap1.txt:22	32552000	34401000	1850000	Human	0.98983	39
HG00099.decoded.hap1.txt:22	34419000	35357000	939000	Human	0.99477	32
HG00099.decoded.hap1.txt:22	35383000	40643000	5261000	Human	0.99321	105
HG00099.decoded.hap1.txt:22	40673000	41260000	588000	Human	0.95613	15
HG00099.decoded.hap1.txt:22	41364000	44417000	3054000	Human	0.98866	49
HG00099.decoded.hap1.txt:22	44429000	46685000	2257000	Human	0.99369	55
HG00099.decoded.hap1.txt:22	46691000	50315000	3625000	Human	0.99546	102
HG00099.decoded.hap1.txt:22	50353000	50868000	516000	Human	0.98703	10
HG00099.decoded.hap1.txt:22	50895000	51156000	262000	Human	0.97647	12
HG00099.decoded.hap2.txt:22	0	19064000	19065000	Human	0.97219	26
HG00099.decoded.hap2.txt:22	19089000	19643000	555000	Human	0.98905	14
HG00099.decoded.hap2.txt:22	19656000	25132000	5477000	Human	0.99207	67
HG00099.decoded.hap2.txt:22	25133000	25198000	66000	Archaic	0.97068	15
HG00099.decoded.hap2.txt:22	25199000	29628000	4430000	Human	0.9914	100
HG00099.decoded.hap2.txt:22	29659000	30727000	1069000	Human	0.98212	24
HG00099.decoded.hap2.txt:22	30732000	31001000	270000	Human	0.96699	6
HG00099.decoded.hap2.txt:22	31019000	32358000	1340000	Human	0.96726	32
HG00099.decoded.hap2.txt:22	32488000	34401000	1914000	Human	0.97599	55
HG00099.decoded.hap2.txt:22	34419000	36244000	1826000	Human	0.98349	56
HG00099.decoded.hap2.txt:22	36268000	37655000	1388000	Human	0.99041	30
HG00099.decoded.hap2.txt:22	37668000	38275000	608000	Human	0.9892	5
HG00099.decoded.hap2.txt:22	38290000	45219000	6930000	Human	0.99344	132
HG00099.decoded.hap2.txt:22	45264000	49275000	4012000	Human	0.99641	119
HG00099.decoded.hap2.txt:22	49276000	49385000	110000	Archaic	0.96339	52
HG00099.decoded.hap2.txt:22	49386000	49524000	139000	Human	0.96064	10
HG00099.decoded.hap2.txt:22	49594000	49652000	59000	Archaic	0.97018	42
HG00099.decoded.hap2.txt:22	49653000	49962000	310000	Human	0.97046	18
HG00099.decoded.hap2.txt:22	49972000	51156000	1185000	Human	0.99631	25
HG00100.decoded.hap1.txt:22	0	17953000	17954000	Human	0.97123	8
HG00100.decoded.hap1.txt:22	17958000	19053000	1096000	Human	0.98715	20
HG00100.decoded.hap1.txt:22	19092000	19418000	327000	Human	0.95551	12
HG00100.decoded.hap1.txt:22	19419000	19568000	150000	Archaic	0.97381	32
HG00100.decoded.hap1.txt:22	19569000	19891000	323000	Human	0.98687	2
HG00100.decoded.hap1.txt:22	19903000	20002000	100000	Human	0.95507	1
HG00100.decoded.hap1.txt:22	20060000	27145000	7086000	Human	0.99083	119
HG00100.decoded.hap1.txt:22	27162000	29836000	2675000	Human	0.99239	58
HG00100.decoded.hap1.txt:22	29983000	34510000	4528000	Human	0.9846	112
HG00100.decoded.hap1.txt:22	34548000	40712000	6165000	Human	0.99648	116
HG00100.decoded.hap1.txt:22	40730000	47195000	6466000	Human	0.99279	155
HG00100.decoded.hap1.txt:22	47196000	47229000	34000	Archaic	0.96632	16
HG00100.decoded.hap1.txt:22	47230000	48691000	1462000	Human	0.99516	49
HG00100.decoded.hap1.txt:22	48701000	50595000	1895000	Human	0.99473	58
HG00100.decoded.hap1.txt:22	50639000	50936000	298000	Human	0.97536	8
HG00100.decoded.hap1.txt:22	51068000	51176000	109000	Human	0.98017	0
HG00100.decoded.hap2.txt:22	0	18317000	18318000	Human	0.97181	12
HG00100.decoded.hap2.txt:22	18327000	19433000	1107000	Human	0.9905	13
HG00100.decoded.hap2.txt:22	19522000	20063000	542000	Human	0.9769	16
HG00100.decoded.hap2.txt:22	20084000	24691000	4608000	Human	0.99048	55
HG00100.decoded.hap2.txt:22	24820000	29105000	4286000	Human	0.98327	114
HG00100.decoded.hap2.txt:22	29354000	30070000	717000	Human	0.98261	18
HG00100.decoded.hap2.txt:22	30090000	31441000	1352000	Human	0.99094	21
HG00100.decoded.hap2.txt:22	31527000	35425000	3899000	Human	0.9963	60
HG00100.decoded.hap2.txt:22	35448000	36960000	1513000	Human	0.98901	38
HG00100.decoded.hap2.txt:22	36972000	40876000	3905000	Human	0.99405	75
HG00100.decoded.hap2.txt:22	40892000	48598000	7707000	Human	0.99476	181
HG00100.decoded.hap2.txt:22	48631000	48886000	256000	Human	0.9837	8
HG00100.decoded.hap2.txt:22	48891000	49175000	285000	Human	0.98814	8
HG00100.decoded.hap2.txt:22	49185000	49435000	251000	Human	0.97479	8
HG00100.decoded.hap2.txt:22	49436000	49524000	89000	Archaic	0.98031	35
HG00100.decoded.hap2.txt:22	49525000	49796000	272000	Human	0.98991	3
HG00100.decoded.hap2.txt:22	49798000	50871000	1074000	Human	0.99023	31
HG00100.decoded.hap2.txt:22	50877000	51176000	300000	Human	0.98771	11
HG00101.decoded.hap1.txt:22	0	17487000	17488000	Human	0.96929	0
HG00101.decoded.hap1.txt:22	17488000	17686000	199000	Archaic	0.9614	57
HG00101.decoded.hap1.txt:22	17687000	19418000	1732000	Human	0.98657	28
HG00101.decoded.hap1.txt:22	19518000	20222000	705000	Human	0.9935	10
HG00101.decoded.hap1.txt:22	20227000	22940000	2714000	Human	0.98884	24
HG00101.decoded.hap1.txt:22	22955000	24562000	1608000	Human	0.98844	31
HG00101.decoded.hap1.txt:22	24691000	24815000	125000	Archaic	0.95889	20
HG00101.decoded.hap1.txt:22	24816000	25480000	665000	Human	0.98847	9
HG00101.decoded.hap1.txt:22	25576000	27142000	1567000	Human	0.98686	27
HG00101.decoded.hap1.txt:22	27162000	30144000	2983000	Human	0.99127	75
HG00101.decoded.hap1.txt:22	30155000	30673000	519000	Human	0.98816	6
HG00101.decoded.hap1.txt:22	30742000	31664000	923000	Human	0.9691	19
HG00101.decoded.hap1.txt:22	31751000	34073000	2323000	Human	0.99403	39
HG00101.decoded.hap1.txt:22	34106000	42614000	8509000	Human	0.99195	173
HG00101.decoded.hap1.txt:22	42641000	43341000	701000	Human	0.97152	23
HG00101.decoded.hap1.txt:22	43405000	48597000	5193000	Human	0.9957	132
HG00101.decoded.hap1.txt:22	48598000	48644000	47000	Archaic	0.9665	32
HG00101.decoded.hap1.txt:22	48645000	48985000	341000	Human	0.98868	10
HG00101.decoded.hap1.txt:22	49002000	49323000	322000	Human	0.99037	10
HG00101.decoded.hap1.txt:22	49362000	49500000	139000	Human	0.9844	4
HG00101.decoded.hap1.txt:22	49501000	49525000	25000	Archaic	0.95708	11
HG00101.decoded.hap1.txt:22	49526000	49677000	152000	Human	0.97862	1
HG00101.decoded.hap1.txt:22	49691000	50595000	905000	Human	0.99297	21
HG00101.decoded.hap1.txt:22	50641000	50935000	295000	Human	0.97279	9
HG00101.decoded.hap1.txt:22	51068000	51176000	109000	Human	0.97868	0
HG00101.decoded.hap2.txt:22	0	17486000	17487000	Human	0.96903	4
HG00101.decoded.hap2.txt:22	17501000	18578000	1078000	Human	0.98381	24
HG00101.decoded.hap2.txt:22	18588000	19418000	831000	Human	0.98484	9
HG00101.decoded.hap2.txt:22	19419000	19521000	103000	Archaic	0.95756	21
HG00101.decoded.hap2.txt:22	19522000	20013000	492000	Human	0.97814	8
HG00101.decoded.hap2.txt:22	20173000	24619000	4447000	Human	0.98808	49
HG00101.decoded.hap2.txt:22	24645000	25490000	846000	Human	0.98103	11
HG00101.decoded.hap2.txt:22	25576000	27320000	1745000	Human	0.9968	26
HG00101.decoded.hap2.txt:22	27335000	27485000	151000	Human	0.96782	2
HG00101.decoded.hap2.txt:22	27508000	28738000	1231000	Human	0.98462	28
HG00101.decoded.hap2.txt:22	29565000	30672000	1108000	Human	0.99258	17
HG00101.decoded.hap2.txt:22	30762000	31680000	919000	Human	0.97766	26
HG00101.decoded.hap2.txt:22	31919000	34023000	2105000	Human	0.98453	44
HG00101.decoded.hap2.txt:22	34032000	39240000	5209000	Human	0.99053	118
HG00101.decoded.hap2.txt:22	39249000	40813000	1565000	Human	0.99429	28
HG00101.decoded.hap2.txt:22	40814000	41045000	232000	Archaic	0.9583	48
HG00101.decoded.hap2.txt:22	41046000	44321000	3276000	Human	0.98823	48
HG00101.decoded.hap2.txt:22	44379000	47444000	3066000	Human	0.99702	74
HG00101.decoded.hap2.txt:22	47450000	48692000	1243000	Human	0.99521	29
HG00101.decoded.hap2.txt:22	48701000	48861000	161000	Human	0.9839	4
HG00101.decoded.hap2.txt:22	48893000	49285000	393000	Human	0.98854	13
HG00101.decoded.hap2.txt:22	49286000	49385000	100000	Archaic	0.95864	42
HG00101.decoded.hap2.txt:22	49386000	51150000	1765000	Human	0.99528	45
HG00403.decoded.hap1.txt:22	0	17487000	17488000	Human	0.96152	4
HG00403.decoded.hap1.txt:22	17506000	17711000	206000	Human	0.963	2
HG00403.decoded.hap1.txt:22	17798000	17952000	155000	Archaic	0.97987	37
HG00403.decoded.hap1.txt:22	17953000	20746000	2794000	Human	0.98729	31
HG00403.decoded.hap1.txt:22	20782000	21357000	576000	Human	0.98989	6
HG00403.decoded.hap1.txt:22	21428000	25224000	3797000	Human	0.98737	25
HG00403.decoded.hap1.txt:22	25225000	25278000	54000	Archaic	0.96615	16
HG00403.decoded.hap1.txt:22	25279000	26230000	952000	Human	0.9824	16
HG00403.decoded.hap1.txt:22	26273000	26663000	391000	Human	0.98349	18
HG00403.decoded.hap1.txt:22	26690000	26998000	309000	Human	0.97258	10
HG00403.decoded.hap1.txt:22	26999000	27113000	115000	Archaic	0.95857	28
HG00403.decoded.hap1.txt:22	27114000	27780000	667000	Human	0.98554	20
HG00403.decoded.hap1.txt:22	27791000	29180000	1390000	Human	0.98072	18
HG00403.decoded.hap1.txt:22	29355000	33143000	3789000	Human	0.99195	71
HG00403.decoded.hap1.txt:22	33218000	34113000	896000	Human	0.98545	19
HG00403.decoded.hap1.txt:22	34114000	34228000	115000	Archaic	0.98701	51
HG00403.decoded.hap1.txt:22	34229000	34400000	172000	Human	0.9802	2
HG00403.decoded.hap1.txt:22	34419000	35731000	1313000	Human	0.99204	18
HG00403.decoded.hap1.txt:22	35743000	36286000	544000	Human	0.97224	9
HG00403.decoded.hap1.txt:22	36319000	36752000	434000	Human	0.98598	4
HG00403.decoded.hap1.txt:22	36799000	40792000	3994000	Human	0.99515	47
HG00403.decoded.hap1.txt:22	41050000	43522000	2473000	Human	0.99588	15
HG00403.decoded.hap1.txt:22	43544000	45248000	1705000	Human	0.99703	30
HG00403.decoded.hap1.txt:22	45306000	45827000	522000	Human	0.98709	13
HG00403.decoded.hap1.txt:22	45842000	48813000	2972000	Human	0.99525	58
HG00403.decoded.hap1.txt:22	48814000	48924000	111000	Archaic	0.9666	44
HG00403.decoded.hap1.txt:22	48925000	49754000	830000	Human	0.99429	27
HG00403.decoded.hap1.txt:22	49755000	49799000	45000	Archaic	0.95933	25
HG00403.decoded.hap1.txt:22	49800000	50620000	821000	Human	0.99058	14
HG00403.decoded.hap1.txt:22	50686000	50869000	184000	Human	0.97011	6
HG00403.decoded.hap1.txt:22	50887000	51176000	290000	Human	0.98189	7
HG00403.decoded.hap2.txt:22	0	17516000	17517000	Human	0.96161	2
HG00403.decoded.hap2.txt:22	17573000	18563000	991000	Human	0.99423	13
HG00403.decoded.hap2.txt:22	19090000	19728000	639000	Human	0.9882	11
HG00403.decoded.hap2.txt:22	19732000	19918000	187000	Human	0.9698	4
HG00403.decoded.hap2.txt:22	20118000	20752000	635000	Human	0.95779	7
HG00403.decoded.hap2.txt:22	20753000	20951000	199000	Archaic	0.96852	51
HG00403.decoded.hap2.txt:22	20952000	22087000	1136000	Human	0.98485	5
HG00403.decoded.hap2.txt:22	22088000	22238000	151000	Archaic	0.96499	26
HG00403.decoded.hap2.txt:22	22239000	23998000	1760000	Human	0.99507	17
HG00403.decoded.hap2.txt:22	24186000	25476000	1291000	Human	0.99144	16
HG00403.decoded.hap2.txt:22	25638000	27778000	2141000	Human	0.99136	41
HG00403.decoded.hap2.txt:22	27791000	29559000	1769000	Human	0.98814	27
HG00403.decoded.hap2.txt:22	29564000	32917000	3354000	Human	0.99297	34
HG00403.decoded.hap2.txt:22	32928000	38501000	5574000	Human	0.99499	90
HG00403.decoded.hap2.txt:22	38513000	38801000	289000	Human	0.96289	5
HG00403.decoded.hap2.txt:22	38846000	40722000	1877000	Human	0.99309	21
HG00403.decoded.hap2.txt:22	40863000	42467000	1605000	Human	0.98575	22
HG00403.decoded.hap2.txt:22	42472000	45242000	2771000	Human	0.99454	54
HG00403.decoded.hap2.txt:22	45306000	48591000	3286000	Human	0.99742	50
HG00403.decoded.hap2.txt:22	48646000	48834000	189000	Human	0.9837	6
HG00403.decoded.hap2.txt:22	48835000	48870000	36000	Archaic	0.95336	17
HG00403.decoded.hap2.txt:22	49002000	49868000	867000	Human	0.99651	20
HG00403.decoded.hap2.txt:22	49876000	50868000	993000	Human	0.99284	19
HG00403.decoded.hap2.txt:22	50887000	51176000	290000	Human	0.97465	5
HG00404.decoded.hap1.txt:22	0	17469000	17470000	Human	0.96302	4
HG00404.decoded.hap1.txt:22	17875000	19064000	1190000	Human	0.98587	17
HG00404.decoded.hap1.txt:22	19090000	19709000	620000	Human	0.99229	16
HG00404.decoded.hap1.txt:22	19733000	19918000	186000	Human	0.98263	2
HG00404.decoded.hap1.txt:22	19941000	20000000	60000	Human	0.95025	0
HG00404.decoded.hap1.txt:22	20117000	20747000	631000	Human	0.95464	5
HG00404.decoded.hap1.txt:22	20748000	20946000	199000	Archaic	0.97356	57
HG00404.decoded.hap1.txt:22	20947000	21341000	395000	Human	0.98947	4
HG00404.decoded.hap1.txt:22	21374000	24691000	3318000	Human	0.99016	40
HG00404.decoded.hap1.txt:22	24803000	25490000	688000	Human	0.97285	15
HG00404.decoded.hap1.txt:22	25637000	26204000	568000	Human	0.98051	9
HG00404.decoded.hap1.txt:22	26205000	26278000	74000	Archaic	0.97315	35
HG00404.decoded.hap1.txt:22	26279000	26998000	720000	Human	0.97666	24
HG00404.decoded.hap1.txt:22	27041000	28127000	1087000	Human	0.99581	31
HG00404.decoded.hap1.txt:22	28150000	30596000	2447000	Human	0.98871	47
HG00404.decoded.hap1.txt:22	30741000	33142000	2402000	Human	0.99171	43
HG00404.decoded.hap1.txt:22	33217000	34065000	849000	Human	0.98621	14
HG00404.decoded.hap1.txt:22	34078000	39075000	4998000	Human	0.99322	102
HG00404.decoded.hap1.txt:22	39079000	40719000	1641000	Human	0.99345	26
HG00404.decoded.hap1.txt:22	40857000	42433000	1577000	Human	0.9829	23
HG00404.decoded.hap1.txt:22	42473000	47339000	4867000	Human	0.99636	96
HG00404.decoded.hap1.txt:22	47340000	47454000	115000	Archaic	0.96	32
HG00404.decoded.hap1.txt:22	47455000	48927000	1473000	Human	0.99479	29
HG00404.decoded.hap1.txt:22	48928000	48979000	52000	Archaic	0.96909	23
HG00404.decoded.hap1.txt:22	49100000	49278000	179000	Human	0.98446	5
HG00404.decoded.hap1.txt:22	49343000	49757000	415000	Human	0.98543	18
HG00404.decoded.hap1.txt:22	49784000	50273000	490000	Human	0.98827	10
HG00404.decoded.hap1.txt:22	50277000	50869000	593000	Human	0.97768	19
HG00404.decoded.hap1.txt:22	50885000	51162000	278000	Human	0.97494	8
HG00404.decoded.hap2.txt:22	0	17863000	17864000	Human	0.96304	11
HG00404.decoded.hap2.txt:22	17895000	19064000	1170000	Human	0.98615	24
HG00404.decoded.hap2.txt:22	19090000	19918000	829000	Human	0.97739	12
HG00404.decoded.hap2.txt:22	20748000	20813000	66000	Archaic	0.95896	23
HG00404.decoded.hap2.txt:22	20814000	21420000	607000	Human	0.97569	9
HG00404.decoded.hap2.txt:22	22089000	22344000	256000	Archaic	0.99161	51
HG00404.decoded.hap2.txt:22	22345000	22907000	563000	Human	0.99121	9
HG00404.decoded.hap2.txt:22	22963000	24690000	1728000	Human	0.98918	25
HG00404.decoded.hap2.txt:22	24785000	25295000	511000	Human	0.97323	8
HG00404.decoded.hap2.txt:22	25300000	26829000	1530000	Human	0.99155	27
HG00404.decoded.hap2.txt:22	26910000	27773000	864000	Human	0.98269	25
HG00404.decoded.hap2.txt:22	27791000	30654000	2864000	Human	0.98454	58
HG00404.decoded.hap2.txt:22	30686000	34152000	3467000	Human	0.98722	70
HG00404.decoded.hap2.txt:22	34153000	34228000	76000	Archaic	0.97967	33
HG00404.decoded.hap2.txt:22	34229000	34401000	173000	Human	0.97893	1
HG00404.decoded.hap2.txt:22	34419000	36003000	1585000	Human	0.99271	27
HG00404.decoded.hap2.txt:22	36019000	42469000	6451000	Human	0.9931	108
HG00404.decoded.hap2.txt:22	42471000	43525000	1055000	Human	0.9913	23
HG00404.decoded.hap2.txt:22	43543000	48901000	5359000	Human	0.99711	118
HG00404.decoded.hap2.txt:22	48902000	48943000	42000	Archaic	0.97021	23
HG00404.decoded.hap2.txt:22	48944000	49274000	331000	Human	0.993	3
HG00404.decoded.hap2.txt:22	49275000	49339000	65000	Archaic	0.95331	27
HG00404.decoded.hap2.txt:22	49340000	50343000	1004000	Human	0.98845	30
HG00404.decoded.hap2.txt:22	50686000	50869000	184000	Human	0.97558	6
HG00404.decoded.hap2.txt:22	50885000	51162000	278000	Human	0.98972	7
HG00406.decoded.hap1.txt:22	0	17516000	17517000	Human	0.96381	2
HG00406.decoded.hap1.txt:22	17613000	17901000	289000	Human	0.96284	5
HG00406.decoded.hap1.txt:22	17965000	19418000	1454000	Human	0.98709	23
HG00406.decoded.hap1.txt:22	19419000	19521000	103000	Archaic	0.95649	21
HG00406.decoded.hap1.txt:22	19522000	20851000	1330000	Human	0.98556	10
HG00406.decoded.hap1.txt:22	20852000	20946000	95000	Archaic	0.97765	32
HG00406.decoded.hap1.txt:22	20947000	22048000	1102000	Human	0.98278	10
HG00406.decoded.hap1.txt:22	22049000	22344000	296000	Archaic	0.96534	58
HG00406.decoded.hap1.txt:22	22345000	25481000	3137000	Human	0.99367	41
HG00406.decoded.hap1.txt:22	25581000	26205000	625000	Human	0.97641	15
HG00406.decoded.hap1.txt:22	26206000	26278000	73000	Archaic	0.97902	35
HG00406.decoded.hap1.txt:22	26279000	27320000	1042000	Human	0.99253	33
HG00406.decoded.hap1.txt:22	27331000	27780000	450000	Human	0.98863	14
HG00406.decoded.hap1.txt:22	27791000	28641000	851000	Human	0.99096	17
HG00406.decoded.hap1.txt:22	28657000	29341000	685000	Human	0.98293	14
HG00406.decoded.hap1.txt:22	29549000	32953000	3405000	Human	0.99028	61
HG00406.decoded.hap1.txt:22	32984000	34400000	1417000	Human	0.98875	25
HG00406.decoded.hap1.txt:22	34419000	40799000	6381000	Human	0.99243	119
HG00406.decoded.hap1.txt:22	40829000	42041000	1213000	Human	0.97587	28
HG00406.decoded.hap1.txt:22	42056000	42426000	371000	Human	0.96714	8
HG00406.decoded.hap1.txt:22	42482000	43526000	1045000	Human	0.99241	16
HG00406.decoded.hap1.txt:22	43543000	48190000	4648000	Human	0.99624	101
HG00406.decoded.hap1.txt:22	48270000	48814000	545000	Human	0.991	18
HG00406.decoded.hap1.txt:22	48843000	48928000	86000	Human	0.97403	0
HG00406.decoded.hap1.txt:22	48929000	48979000	51000	Archaic	0.96364	23
HG00406.decoded.hap1.txt:22	48980000	49285000	306000	Human	0.99317	3
HG00406.decoded.hap1.txt:22	49335000	49925000	591000	Human	0.99335	27
HG00406.decoded.hap1.txt:22	49952000	51162000	1211000	Human	0.98666	41
HG00406.decoded.hap2.txt:22	0	17794000	17795000	Human	0.96438	9
HG00406.decoded.hap2.txt:22	17926000	19730000	1805000	Human	0.98584	25
HG00406.decoded.hap2.txt:22	19739000	19918000	180000	Human	0.97825	4
HG00406.decoded.hap2.txt:22	20103000	21341000	1239000	Human	0.97907	20
HG00406.decoded.hap2.txt:22	21374000	23530000	2157000	Human	0.98845	31
HG00406.decoded.hap2.txt:22	23543000	25959000	2417000	Human	0.99434	30
HG00406.decoded.hap2.txt:22	25978000	27325000	1348000	Human	0.98971	42
HG00406.decoded.hap2.txt:22	27367000	27780000	414000	Human	0.97487	13
HG00406.decoded.hap2.txt:22	27795000	28015000	221000	Human	0.96254	10
HG00406.decoded.hap2.txt:22	28017000	28539000	523000	Human	0.98278	16
HG00406.decoded.hap2.txt:22	28559000	29234000	676000	Human	0.96648	17
HG00406.decoded.hap2.txt:22	29250000	29678000	429000	Human	0.98641	7
HG00406.decoded.hap2.txt:22	29735000	30672000	938000	Human	0.98193	15
HG00406.decoded.hap2.txt:22	30761000	30946000	186000	Human	0.95548	4
HG00406.decoded.hap2.txt:22	30965000	32667000	1703000	Human	0.99067	25
HG00406.decoded.hap2.txt:22	32773000	34077000	1305000	Human	0.99406	33
HG00406.decoded.hap2.txt:22	34114000	34400000	287000	Human	0.98137	4
HG00406.decoded.hap2.txt:22	34419000	36575000	2157000	Human	0.98966	57
HG00406.decoded.hap2.txt:22	36583000	43779000	7197000	Human	0.99376	117
HG00406.decoded.hap2.txt:22	43782000	44655000	874000	Human	0.9896	21
HG00406.decoded.hap2.txt:22	44669000	48844000	4176000	Human	0.99678	113
HG00406.decoded.hap2.txt:22	48871000	51162000	2292000	Human	0.99688	58
HG00407.decoded.hap1.txt:22	0	17487000	17488000	Human	0.96352	4
HG00407.decoded.hap1.txt:22	17815000	19051000	1237000	Human	0.98593	23
HG00407.decoded.hap1.txt:22	19090000	24690000	5601000	Human	0.98897	88
HG00407.decoded.hap1.txt:22	24815000	25492000	678000	Human	0.98294	12
HG00407.decoded.hap1.txt:22	25576000	27023000	1448000	Human	0.99538	32
HG00407.decoded.hap1.txt:22	27041000	27688000	648000	Human	0.98801	13
HG00407.decoded.hap1.txt:22	27746000	27790000	45000	Archaic	0.98359	21
HG00407.decoded.hap1.txt:22	27791000	30040000	2250000	Human	0.98842	41
HG00407.decoded.hap1.txt:22	30092000	33144000	3053000	Human	0.98061	55
HG00407.decoded.hap1.txt:22	33219000	42469000	9251000	Human	0.99232	186
HG00407.decoded.hap1.txt:22	42471000	44414000	1944000	Human	0.99045	55
HG00407.decoded.hap1.txt:22	44449000	48902000	4454000	Human	0.99627	110
HG00407.decoded.hap1.txt:22	49002000	51162000	2161000	Human	0.9977	54
HG00407.decoded.hap2.txt:22	0	17516000	17517000	Human	0.96289	3
HG00407.decoded.hap2.txt:22	17584000	17708000	125000	Human	0.96192	0
HG00407.decoded.hap2.txt:22	17827000	18603000	777000	Human	0.99275	11
HG00407.decoded.hap2.txt:22	18611000	19418000	808000	Human	0.9845	8
HG00407.decoded.hap2.txt:22	19419000	19521000	103000	Archaic	0.95277	21
HG00407.decoded.hap2.txt:22	19522000	19919000	398000	Human	0.98617	6
HG00407.decoded.hap2.txt:22	19940000	21341000	1402000	Human	0.9804	23
HG00407.decoded.hap2.txt:22	21428000	25625000	4198000	Human	0.98776	68
HG00407.decoded.hap2.txt:22	25653000	26558000	906000	Human	0.98948	20
HG00407.decoded.hap2.txt:22	26606000	27780000	1175000	Human	0.98426	46
HG00407.decoded.hap2.txt:22	27791000	29338000	1548000	Human	0.98898	39
HG00407.decoded.hap2.txt:22	29354000	30105000	752000	Human	0.98293	16
HG00407.decoded.hap2.txt:22	30115000	31646000	1532000	Human	0.97716	46
HG00407.decoded.hap2.txt:22	31650000	33460000	1811000	Human	0.9668	47
HG00407.decoded.hap2.txt:22	33470000	40802000	7333000	Human	0.99332	158
HG00407.decoded.hap2.txt:22	40803000	41043000	241000	Archaic	0.95429	51
HG00407.decoded.hap2.txt:22	41044000	44162000	3119000	Human	0.99066	54
HG00407.decoded.hap2.txt:22	44201000	45248000	1048000	Human	0.98739	34
HG00407.decoded.hap2.txt:22	45306000	46787000	1482000	Human	0.99481	39
HG00407.decoded.hap2.txt:22	46799000	48168000	1370000	Human	0.99647	37
HG00407.decoded.hap2.txt:22	48248000	48861000	614000	Human	0.99498	20
HG00407.decoded.hap2.txt:22	49002000	50870000	1869000	Human	0.99202	66
HG00407.decoded.hap2.txt:22	50879000	51162000	284000	Human	0.98969	5
HG00409.decoded.hap1.txt:22	0	17597000	17598000	Human	0.9641	3
HG00409.decoded.hap1.txt:22	17717000	19065000	1349000	Human	0.98566	25
HG00409.decoded.hap1.txt:22	19089000	19297000	209000	Human	0.95781	7
HG00409.decoded.hap1.txt:22	19298000	19514000	217000	Archaic	0.96267	43
HG00409.decoded.hap1.txt:22	19515000	20004000	490000	Human	0.98462	12
HG00409.decoded.hap1.txt:22	20110000	25628000	5519000	Human	0.9892	71
HG00409.decoded.hap1.txt:22	25634000	26205000	572000	Human	0.97953	12
HG00409.decoded.hap1.txt:22	26206000	26262000	57000	Archaic	0.95852	31
HG00409.decoded.hap1.txt:22	26263000	27519000	1257000	Human	0.9875	32
HG00409.decoded.hap1.txt:22	27550000	27778000	229000	Human	0.98613	4
HG00409.decoded.hap1.txt:22	27791000	28525000	735000	Human	0.9936	6
HG00409.decoded.hap1.txt:22	29354000	30039000	686000	Human	0.98837	11
HG00409.decoded.hap1.txt:22	30121000	31162000	1042000	Human	0.98598	21
HG00409.decoded.hap1.txt:22	31200000	34113000	2914000	Human	0.99212	58
HG00409.decoded.hap1.txt:22	34114000	34190000	77000	Archaic	0.95898	26
HG00409.decoded.hap1.txt:22	34191000	36114000	1924000	Human	0.99169	50
HG00409.decoded.hap1.txt:22	36119000	43775000	7657000	Human	0.99179	155
HG00409.decoded.hap1.txt:22	43819000	44640000	822000	Human	0.99438	15
HG00409.decoded.hap1.txt:22	44705000	49794000	5090000	Human	0.99791	141
HG00409.decoded.hap1.txt:22	49798000	51173000	1376000	Human	0.99018	40
HG00409.decoded.hap2.txt:22	0	17507000	17508000	Human	0.96352	2
HG00409.decoded.hap2.txt:22	17606000	20747000	3142000	Human	0.98852	44
HG00409.decoded.hap2.txt:22	20748000	20948000	201000	Archaic	0.98286	56
HG00409.decoded.hap2.txt:22	20949000	21316000	368000	Human	0.97978	9
HG00409.decoded.hap2.txt:22	21427000	24690000	3264000	Human	0.99068	51
HG00409.decoded.hap2.txt:22	24783000	26205000	1423000	Human	0.98883	22
HG00409.decoded.hap2.txt:22	26206000	26283000	78000	Archaic	0.9617	37
HG00409.decoded.hap2.txt:22	26284000	26557000	274000	Human	0.9852	6
HG00409.decoded.hap2.txt:22	26558000	26605000	48000	Archaic	0.95687	11
HG00409.decoded.hap2.txt:22	26606000	26839000	234000	Human	0.96281	11
HG00409.decoded.hap2.txt:22	26853000	27780000	928000	Human	0.98281	21
HG00409.decoded.hap2.txt:22	27791000	28127000	337000	Human	0.98911	8
HG00409.decoded.hap2.txt:22	28141000	28634000	494000	Human	0.98219	14
HG00409.decoded.hap2.txt:22	29713000	30637000	925000	Human	0.97881	19
HG00409.decoded.hap2.txt:22	30640000	33143000	2504000	Human	0.99165	62
HG00409.decoded.hap2.txt:22	33218000	36459000	3242000	Human	0.98771	79
HG00409.decoded.hap2.txt:22	36464000	42466000	6003000	Human	0.99319	106
HG00409.decoded.hap2.txt:22	42472000	47492000	5021000	Human	0.99681	114
HG00409.decoded.hap2.txt:22	47493000	47519000	27000	Archaic	0.96599	15
HG00409.decoded.hap2.txt:22	47520000	47856000	337000	Human	0.9894	7
HG00409.decoded.hap2.txt:22	47857000	47887000	31000	Archaic	0.961	19
HG00409.decoded.hap2.txt:22	47888000	48776000	889000	Human	0.99557	30
HG00409.decoded.hap2.txt:22	48777000	48812000	36000	Archaic	0.95215	25
HG00409.decoded.hap2.txt:22	48813000	49285000	473000	Human	0.98761	15
HG00409.decoded.hap2.txt:22	49286000	49314000	29000	Archaic	0.97232	13
HG00409.decoded.hap2.txt:22	49315000	49451000	137000	Human	0.96388	3
HG00409.decoded.hap2.txt:22	49459000	49757000	299000	Human	0.97662	20
HG00409.decoded.hap2.txt:22	49758000	49799000	42000	Archaic	0.95919	24
HG00409.decoded.hap2.txt:22	49800000	50706000	907000	Human	0.98731	23
HG00409.decoded.hap2.txt:22	50722000	51173000	452000	Human	0.98393	14
