HG00096.decoded.hap1.txt:22	25227000	25278000	52000	Archaic	0.90783	12
HG00096.decoded.hap1.txt:22	29837000	29885000	49000	Archaic	0.90533	8
HG00096.decoded.hap1.txt:22	32332000	32551000	220000	Archaic	0.98251	120
HG00096.decoded.hap1.txt:22	32667000	32747000	81000	Archaic	0.9697	31
HG00096.decoded.hap1.txt:22	32791000	32853000	63000	Archaic	0.9677	17
HG00096.decoded.hap1.txt:22	33144000	33191000	48000	Archaic	0.94488	16
HG00096.decoded.hap1.txt:22	49494000	49524000	31000	Archaic	0.92075	12
HG00096.decoded.hap1.txt:22	49927000	50064000	138000	Archaic	0.95588	49
HG00096.decoded.hap2.txt:22	19419000	19521000	103000	Archaic	0.92844	19
HG00096.decoded.hap2.txt:22	24691000	24783000	93000	Archaic	0.92892	13
HG00096.decoded.hap2.txt:22	29837000	29885000	49000	Archaic	0.90533	8
HG00096.decoded.hap2.txt:22	32332000	32551000	220000	Archaic	0.98251	119
HG00096.decoded.hap2.txt:22	32667000	32747000	81000	Archaic	0.9697	30
HG00096.decoded.hap2.txt:22	32791000	32824000	34000	Archaic	0.94358	12
HG00096.decoded.hap2.txt:22	32869000	32899000	31000	Archaic	0.90042	8
HG00096.decoded.hap2.txt:22	34152000	34228000	77000	Archaic	0.9738	33
HG00097.decoded.hap1.txt:22	19419000	19568000	150000	Archaic	0.97191	32
HG00097.decoded.hap1.txt:22	26212000	26266000	55000	Archaic	0.93842	28
HG00097.decoded.hap1.txt:22	27324000	27367000	44000	Archaic	0.96523	15
HG00097.decoded.hap1.txt:22	32726000	32747000	22000	Archaic	0.90484	8
HG00097.decoded.hap1.txt:22	32791000	32824000	34000	Archaic	0.94159	12
HG00097.decoded.hap1.txt:22	43789000	43826000	38000	Archaic	0.92641	15
HG00097.decoded.hap1.txt:22	49299000	49384000	86000	Archaic	0.94138	35
HG00097.decoded.hap1.txt:22	49599000	49638000	40000	Archaic	0.97622	26
HG00097.decoded.hap1.txt:22	49686000	49691000	6000	Archaic	0.90753	6
HG00097.decoded.hap2.txt:22	17489000	17569000	81000	Archaic	0.97528	33
HG00097.decoded.hap2.txt:22	19419000	19522000	104000	Archaic	0.92762	20
HG00097.decoded.hap2.txt:22	27321000	27364000	44000	Archaic	0.92359	15
HG00097.decoded.hap2.txt:22	35358000	35382000	25000	Archaic	0.90333	10
HG00097.decoded.hap2.txt:22	41246000	41372000	127000	Archaic	0.90364	12
HG00097.decoded.hap2.txt:22	49334000	49361000	28000	Archaic	0.95786	23
HG00099.decoded.hap1.txt:22	18563000	18593000	31000	Archaic	0.9262	9
HG00099.decoded.hap1.txt:22	23301000	23359000	59000	Archaic	0.96458	18
HG00099.decoded.hap1.txt:22	28702000	28912000	211000	Archaic	0.92749	23
HG00099.decoded.hap1.txt:22	32332000	32551000	220000	Archaic	0.98223	126
HG00099.decoded.hap1.txt:22	34402000	34418000	17000	Archaic	0.90332	9
HG00099.decoded.hap1.txt:22	35358000	35382000	25000	Archaic	0.9068	10
HG00099.decoded.hap1.txt:22	50316000	50352000	37000	Archaic	0.94099	21
HG00099.decoded.hap2.txt:22	19644000	19655000	12000	Archaic	0.9322	11
HG00099.decoded.hap2.txt:22	25133000	25198000	66000	Archaic	0.97068	15
HG00099.decoded.hap2.txt:22	34402000	34418000	17000	Archaic	0.9031	8
HG00099.decoded.hap2.txt:22	45220000	45263000	44000	Archaic	0.94639	14
HG00099.decoded.hap2.txt:22	49276000	49385000	110000	Archaic	0.96339	52
HG00099.decoded.hap2.txt:22	49594000	49652000	59000	Archaic	0.97018	42
HG00100.decoded.hap1.txt:22	19419000	19568000	150000	Archaic	0.97381	32
HG00100.decoded.hap1.txt:22	29837000	29982000	146000	Archaic	0.93161	18
HG00100.decoded.hap1.txt:22	47196000	47229000	34000	Archaic	0.96632	16
HG00100.decoded.hap1.txt:22	51032000	51067000	36000	Archaic	0.92364	13
HG00100.decoded.hap2.txt:22	19434000	19521000	88000	Archaic	0.93849	18
HG00100.decoded.hap2.txt:22	24692000	24819000	128000	Archaic	0.91806	19
HG00100.decoded.hap2.txt:22	31442000	31526000	85000	Archaic	0.92922	25
HG00100.decoded.hap2.txt:22	48599000	48630000	32000	Archaic	0.94663	26
HG00100.decoded.hap2.txt:22	49436000	49524000	89000	Archaic	0.98031	35
HG00101.decoded.hap1.txt:22	17488000	17686000	199000	Archaic	0.9614	57
HG00101.decoded.hap1.txt:22	19419000	19517000	99000	Archaic	0.93622	19
HG00101.decoded.hap1.txt:22	24691000	24815000	125000	Archaic	0.95889	20
HG00101.decoded.hap1.txt:22	43342000	43404000	63000	Archaic	0.93791	12
HG00101.decoded.hap1.txt:22	48598000	48644000	47000	Archaic	0.9665	32
HG00101.decoded.hap1.txt:22	49501000	49525000	25000	Archaic	0.95708	11
HG00101.decoded.hap1.txt:22	51032000	51067000	36000	Archaic	0.92673	12
HG00101.decoded.hap2.txt:22	19419000	19521000	103000	Archaic	0.95756	21
HG00101.decoded.hap2.txt:22	27486000	27507000	22000	Archaic	0.9403	11
HG00101.decoded.hap2.txt:22	28739000	28912000	174000	Archaic	0.92423	19
HG00101.decoded.hap2.txt:22	40814000	41045000	232000	Archaic	0.9583	48
HG00101.decoded.hap2.txt:22	44322000	44378000	57000	Archaic	0.91446	15
HG00101.decoded.hap2.txt:22	48862000	48892000	31000	Archaic	0.94057	13
HG00101.decoded.hap2.txt:22	49286000	49385000	100000	Archaic	0.95864	42
HG00403.decoded.hap1.txt:22	17798000	17952000	155000	Archaic	0.97987	37
HG00403.decoded.hap1.txt:22	20747000	20781000	35000	Archaic	0.92268	11
HG00403.decoded.hap1.txt:22	25225000	25278000	54000	Archaic	0.96615	16
HG00403.decoded.hap1.txt:22	26231000	26272000	42000	Archaic	0.93393	24
HG00403.decoded.hap1.txt:22	26664000	26689000	26000	Archaic	0.92755	12
HG00403.decoded.hap1.txt:22	26999000	27113000	115000	Archaic	0.95857	28
HG00403.decoded.hap1.txt:22	27781000	27790000	10000	Archaic	0.92805	6
HG00403.decoded.hap1.txt:22	33144000	33217000	74000	Archaic	0.93068	21
HG00403.decoded.hap1.txt:22	34114000	34228000	115000	Archaic	0.98701	51
HG00403.decoded.hap1.txt:22	40793000	41049000	257000	Archaic	0.94931	52
HG00403.decoded.hap1.txt:22	45249000	45305000	57000	Archaic	0.94764	25
HG00403.decoded.hap1.txt:22	48814000	48924000	111000	Archaic	0.9666	44
HG00403.decoded.hap1.txt:22	49755000	49799000	45000	Archaic	0.95933	25
HG00403.decoded.hap2.txt:22	17517000	17572000	56000	Archaic	0.92729	30
HG00403.decoded.hap2.txt:22	20753000	20951000	199000	Archaic	0.96852	51
HG00403.decoded.hap2.txt:22	22088000	22238000	151000	Archaic	0.96499	26
HG00403.decoded.hap2.txt:22	23999000	24082000	84000	Archaic	0.92636	15
HG00403.decoded.hap2.txt:22	27779000	27790000	12000	Archaic	0.93408	7
HG00403.decoded.hap2.txt:22	48835000	48870000	36000	Archaic	0.95336	17
HG00403.decoded.hap2.txt:22	48904000	49001000	98000	Archaic	0.90769	38
HG00404.decoded.hap1.txt:22	20748000	20946000	199000	Archaic	0.97356	57
HG00404.decoded.hap1.txt:22	21342000	21373000	32000	Archaic	0.93023	14
HG00404.decoded.hap1.txt:22	26205000	26278000	74000	Archaic	0.97315	35
HG00404.decoded.hap1.txt:22	26999000	27040000	42000	Archaic	0.94908	12
HG00404.decoded.hap1.txt:22	28128000	28149000	22000	Archaic	0.92323	11
HG00404.decoded.hap1.txt:22	33143000	33216000	74000	Archaic	0.93017	22
HG00404.decoded.hap1.txt:22	47340000	47454000	115000	Archaic	0.96	32
HG00404.decoded.hap1.txt:22	48928000	48979000	52000	Archaic	0.96909	23
HG00404.decoded.hap1.txt:22	49015000	49099000	85000	Archaic	0.93463	41
HG00404.decoded.hap1.txt:22	49279000	49342000	64000	Archaic	0.944	27
HG00404.decoded.hap1.txt:22	49758000	49783000	26000	Archaic	0.94428	20
HG00404.decoded.hap2.txt:22	17864000	17894000	31000	Archaic	0.94133	10
HG00404.decoded.hap2.txt:22	20748000	20813000	66000	Archaic	0.95896	23
HG00404.decoded.hap2.txt:22	22089000	22344000	256000	Archaic	0.99161	51
HG00404.decoded.hap2.txt:22	24691000	24784000	94000	Archaic	0.92775	14
HG00404.decoded.hap2.txt:22	34153000	34228000	76000	Archaic	0.97967	33
HG00404.decoded.hap2.txt:22	34402000	34418000	17000	Archaic	0.90391	8
HG00404.decoded.hap2.txt:22	48902000	48943000	42000	Archaic	0.97021	23
HG00404.decoded.hap2.txt:22	49275000	49339000	65000	Archaic	0.95331	27
HG00404.decoded.hap2.txt:22	50640000	50685000	46000	Archaic	0.92838	14
HG00406.decoded.hap1.txt:22	17517000	17612000	96000	Archaic	0.9414	36
HG00406.decoded.hap1.txt:22	17902000	17964000	63000	Archaic	0.92918	18
HG00406.decoded.hap1.txt:22	19419000	19521000	103000	Archaic	0.95649	21
HG00406.decoded.hap1.txt:22	20852000	20946000	95000	Archaic	0.97765	32
HG00406.decoded.hap1.txt:22	22049000	22344000	296000	Archaic	0.96534	58
HG00406.decoded.hap1.txt:22	25482000	25580000	99000	Archaic	0.90975	17
HG00406.decoded.hap1.txt:22	26206000	26278000	73000	Archaic	0.97902	35
HG00406.decoded.hap1.txt:22	27781000	27790000	10000	Archaic	0.93226	7
HG00406.decoded.hap1.txt:22	32954000	32983000	30000	Archaic	0.93833	10
HG00406.decoded.hap1.txt:22	48191000	48269000	79000	Archaic	0.93215	32
HG00406.decoded.hap1.txt:22	48815000	48842000	28000	Archaic	0.91843	19
HG00406.decoded.hap1.txt:22	48929000	48979000	51000	Archaic	0.96364	23
HG00406.decoded.hap2.txt:22	17795000	17823000	29000	Archaic	0.91469	9
HG00406.decoded.hap2.txt:22	21342000	21373000	32000	Archaic	0.92764	14
HG00406.decoded.hap2.txt:22	27326000	27366000	41000	Archaic	0.93965	16
HG00406.decoded.hap2.txt:22	48845000	48870000	26000	Archaic	0.92494	12
HG00407.decoded.hap1.txt:22	17598000	17662000	65000	Archaic	0.93206	15
HG00407.decoded.hap1.txt:22	24691000	24814000	124000	Archaic	0.90694	18
HG00407.decoded.hap1.txt:22	27689000	27709000	21000	Archaic	0.90954	8
HG00407.decoded.hap1.txt:22	27746000	27790000	45000	Archaic	0.98359	21
HG00407.decoded.hap1.txt:22	33145000	33218000	74000	Archaic	0.94502	21
HG00407.decoded.hap2.txt:22	17517000	17583000	67000	Archaic	0.92844	32
HG00407.decoded.hap2.txt:22	17709000	17767000	59000	Archaic	0.91135	11
HG00407.decoded.hap2.txt:22	19419000	19521000	103000	Archaic	0.95277	21
HG00407.decoded.hap2.txt:22	27781000	27790000	10000	Archaic	0.91013	6
HG00407.decoded.hap2.txt:22	40803000	41043000	241000	Archaic	0.95429	51
HG00407.decoded.hap2.txt:22	45249000	45305000	57000	Archaic	0.94064	24
HG00407.decoded.hap2.txt:22	48169000	48247000	79000	Archaic	0.93953	27
HG00409.decoded.hap1.txt:22	19298000	19514000	217000	Archaic	0.96267	43
HG00409.decoded.hap1.txt:22	26206000	26262000	57000	Archaic	0.95852	31
HG00409.decoded.hap1.txt:22	27520000	27549000	30000	Archaic	0.93848	11
HG00409.decoded.hap1.txt:22	27779000	27790000	12000	Archaic	0.9255	7
HG00409.decoded.hap1.txt:22	34114000	34190000	77000	Archaic	0.95898	26
HG00409.decoded.hap2.txt:22	17508000	17605000	98000	Archaic	0.92805	37
HG00409.decoded.hap2.txt:22	20748000	20948000	201000	Archaic	0.98286	56
HG00409.decoded.hap2.txt:22	24691000	24782000	92000	Archaic	0.93072	14
HG00409.decoded.hap2.txt:22	26206000	26283000	78000	Archaic	0.9617	37
HG00409.decoded.hap2.txt:22	26558000	26605000	48000	Archaic	0.95687	11
HG00409.decoded.hap2.txt:22	27781000	27790000	10000	Archaic	0.90641	6
HG00409.decoded.hap2.txt:22	29337000	29415000	79000	Archaic	0.94227	15
HG00409.decoded.hap2.txt:22	29535000	29565000	31000	Archaic	0.90565	7
HG00409.decoded.hap2.txt:22	33144000	33217000	74000	Archaic	0.92989	20
HG00409.decoded.hap2.txt:22	47493000	47519000	27000	Archaic	0.96599	15
HG00409.decoded.hap2.txt:22	47857000	47887000	31000	Archaic	0.961	19
HG00409.decoded.hap2.txt:22	48777000	48812000	36000	Archaic	0.95215	25
HG00409.decoded.hap2.txt:22	49286000	49314000	29000	Archaic	0.97232	13
HG00409.decoded.hap2.txt:22	49758000	49799000	42000	Archaic	0.95919	24
HG00096.decoded.hap1.txt:22	32332000	32551000	220000	Archaic	0.98251	120
HG00096.decoded.hap1.txt:22	32667000	32747000	81000	Archaic	0.9697	31
HG00096.decoded.hap1.txt:22	32791000	32853000	63000	Archaic	0.9677	17
HG00096.decoded.hap1.txt:22	49927000	50064000	138000	Archaic	0.95588	49
HG00096.decoded.hap2.txt:22	32332000	32551000	220000	Archaic	0.98251	119
HG00096.decoded.hap2.txt:22	32667000	32747000	81000	Archaic	0.9697	30
HG00096.decoded.hap2.txt:22	34152000	34228000	77000	Archaic	0.9738	33
HG00097.decoded.hap1.txt:22	19419000	19568000	150000	Archaic	0.97191	32
HG00097.decoded.hap1.txt:22	27324000	27367000	44000	Archaic	0.96523	15
HG00097.decoded.hap1.txt:22	49599000	49638000	40000	Archaic	0.97622	26
HG00097.decoded.hap2.txt:22	17489000	17569000	81000	Archaic	0.97528	33
HG00097.decoded.hap2.txt:22	49334000	49361000	28000	Archaic	0.95786	23
HG00099.decoded.hap1.txt:22	23301000	23359000	59000	Archaic	0.96458	18
HG00099.decoded.hap1.txt:22	32332000	32551000	220000	Archaic	0.98223	126
HG00099.decoded.hap2.txt:22	25133000	25198000	66000	Archaic	0.97068	15
HG00099.decoded.hap2.txt:22	49276000	49385000	110000	Archaic	0.96339	52
HG00099.decoded.hap2.txt:22	49594000	49652000	59000	Archaic	0.97018	42
HG00100.decoded.hap1.txt:22	19419000	19568000	150000	Archaic	0.97381	32
HG00100.decoded.hap1.txt:22	47196000	47229000	34000	Archaic	0.96632	16
HG00100.decoded.hap2.txt:22	49436000	49524000	89000	Archaic	0.98031	35
HG00101.decoded.hap1.txt:22	17488000	17686000	199000	Archaic	0.9614	57
HG00101.decoded.hap1.txt:22	24691000	24815000	125000	Archaic	0.95889	20
HG00101.decoded.hap1.txt:22	48598000	48644000	47000	Archaic	0.9665	32
HG00101.decoded.hap1.txt:22	49501000	49525000	25000	Archaic	0.95708	11
HG00101.decoded.hap2.txt:22	19419000	19521000	103000	Archaic	0.95756	21
HG00101.decoded.hap2.txt:22	40814000	41045000	232000	Archaic	0.9583	48
HG00101.decoded.hap2.txt:22	49286000	49385000	100000	Archaic	0.95864	42
HG00403.decoded.hap1.txt:22	17798000	17952000	155000	Archaic	0.97987	37
HG00403.decoded.hap1.txt:22	25225000	25278000	54000	Archaic	0.96615	16
HG00403.decoded.hap1.txt:22	26999000	27113000	115000	Archaic	0.95857	28
HG00403.decoded.hap1.txt:22	34114000	34228000	115000	Archaic	0.98701	51
HG00403.decoded.hap1.txt:22	48814000	48924000	111000	Archaic	0.9666	44
HG00403.decoded.hap1.txt:22	49755000	49799000	45000	Archaic	0.95933	25
HG00403.decoded.hap2.txt:22	20753000	20951000	199000	Archaic	0.96852	51
HG00403.decoded.hap2.txt:22	22088000	22238000	151000	Archaic	0.96499	26
HG00403.decoded.hap2.txt:22	48835000	48870000	36000	Archaic	0.95336	17
HG00404.decoded.hap1.txt:22	20748000	20946000	199000	Archaic	0.97356	57
HG00404.decoded.hap1.txt:22	26205000	26278000	74000	Archaic	0.97315	35
HG00404.decoded.hap1.txt:22	47340000	47454000	115000	Archaic	0.96	32
HG00404.decoded.hap1.txt:22	48928000	48979000	52000	Archaic	0.96909	23
HG00404.decoded.hap2.txt:22	20748000	20813000	66000	Archaic	0.95896	23
HG00404.decoded.hap2.txt:22	22089000	22344000	256000	Archaic	0.99161	51
HG00404.decoded.hap2.txt:22	34153000	34228000	76000	Archaic	0.97967	33
HG00404.decoded.hap2.txt:22	48902000	48943000	42000	Archaic	0.97021	23
HG00404.decoded.hap2.txt:22	49275000	49339000	65000	Archaic	0.95331	27
HG00406.decoded.hap1.txt:22	19419000	19521000	103000	Archaic	0.95649	21
HG00406.decoded.hap1.txt:22	20852000	20946000	95000	Archaic	0.97765	32
HG00406.decoded.hap1.txt:22	22049000	22344000	296000	Archaic	0.96534	58
HG00406.decoded.hap1.txt:22	26206000	26278000	73000	Archaic	0.97902	35
HG00406.decoded.hap1.txt:22	48929000	48979000	51000	Archaic	0.96364	23
HG00407.decoded.hap1.txt:22	27746000	27790000	45000	Archaic	0.98359	21
HG00407.decoded.hap2.txt:22	19419000	19521000	103000	Archaic	0.95277	21
HG00407.decoded.hap2.txt:22	40803000	41043000	241000	Archaic	0.95429	51
HG00409.decoded.hap1.txt:22	19298000	19514000	217000	Archaic	0.96267	43
HG00409.decoded.hap1.txt:22	26206000	26262000	57000	Archaic	0.95852	31
HG00409.decoded.hap1.txt:22	34114000	34190000	77000	Archaic	0.95898	26
HG00409.decoded.hap2.txt:22	20748000	20948000	201000	Archaic	0.98286	56
HG00409.decoded.hap2.txt:22	26206000	26283000	78000	Archaic	0.9617	37
HG00409.decoded.hap2.txt:22	26558000	26605000	48000	Archaic	0.95687	11
HG00409.decoded.hap2.txt:22	47493000	47519000	27000	Archaic	0.96599	15
HG00409.decoded.hap2.txt:22	47857000	47887000	31000	Archaic	0.961	19
HG00409.decoded.hap2.txt:22	48777000	48812000	36000	Archaic	0.95215	25
HG00409.decoded.hap2.txt:22	49286000	49314000	29000	Archaic	0.97232	13
HG00409.decoded.hap2.txt:22	49758000	49799000	42000	Archaic	0.95919	24
HG00404.decoded.hap2.txt:22	22089000	22344000	256000	Archaic	0.99161	51
