HG00096.decoded.hap1.txt:22	17502000	19967000	2466000	Human	0.99051	37
HG00096.decoded.hap1.txt:22	20227000	24617000	4391000	Human	0.99278	42
HG00096.decoded.hap1.txt:22	27784000	29590000	1807000	Human	0.99406	32
HG00096.decoded.hap1.txt:22	30791000	32331000	1541000	Human	0.991	24
HG00096.decoded.hap1.txt:22	33192000	37654000	4463000	Human	0.99381	117
HG00096.decoded.hap1.txt:22	37684000	45240000	7557000	Human	0.99373	138
HG00096.decoded.hap1.txt:22	45263000	46313000	1051000	Human	0.99506	27
HG00096.decoded.hap1.txt:22	46336000	49493000	3158000	Human	0.99724	80
HG00096.decoded.hap1.txt:22	49525000	49794000	270000	Human	0.99256	9
HG00096.decoded.hap1.txt:22	50348000	51162000	815000	Human	0.99295	9
HG00096.decoded.hap2.txt:22	27784000	29634000	1851000	Human	0.99003	36
HG00096.decoded.hap2.txt:22	30793000	32331000	1539000	Human	0.99156	23
HG00096.decoded.hap2.txt:22	32900000	34151000	1252000	Human	0.99502	24
HG00096.decoded.hap2.txt:22	34229000	36762000	2534000	Human	0.99573	61
HG00096.decoded.hap2.txt:22	36778000	37655000	878000	Human	0.99018	15
HG00096.decoded.hap2.txt:22	38833000	40723000	1891000	Human	0.99043	31
HG00096.decoded.hap2.txt:22	40964000	43788000	2825000	Human	0.99114	57
HG00096.decoded.hap2.txt:22	43832000	47445000	3614000	Human	0.99348	115
HG00096.decoded.hap2.txt:22	47449000	48026000	578000	Human	0.99398	10
HG00096.decoded.hap2.txt:22	48040000	49354000	1315000	Human	0.99179	59
HG00096.decoded.hap2.txt:22	49475000	51162000	1688000	Human	0.99805	30
HG00097.decoded.hap1.txt:22	21992000	23299000	1308000	Human	0.99278	16
HG00097.decoded.hap1.txt:22	23319000	26211000	2893000	Human	0.99494	55
HG00097.decoded.hap1.txt:22	26267000	27323000	1057000	Human	0.99256	23
HG00097.decoded.hap1.txt:22	32825000	35320000	2496000	Human	0.9944	50
HG00097.decoded.hap1.txt:22	35335000	43788000	8454000	Human	0.99359	175
HG00097.decoded.hap1.txt:22	43827000	45237000	1411000	Human	0.99527	43
HG00097.decoded.hap1.txt:22	45263000	49298000	4036000	Human	0.99828	105
HG00097.decoded.hap1.txt:22	50351000	51082000	732000	Human	0.99009	19
HG00097.decoded.hap2.txt:22	19656000	24691000	5036000	Human	0.99002	61
HG00097.decoded.hap2.txt:22	27365000	28349000	985000	Human	0.99454	19
HG00097.decoded.hap2.txt:22	30758000	32868000	2111000	Human	0.99543	24
HG00097.decoded.hap2.txt:22	35383000	38192000	2810000	Human	0.99463	64
HG00097.decoded.hap2.txt:22	38221000	41228000	3008000	Human	0.99029	53
HG00097.decoded.hap2.txt:22	41373000	49175000	7803000	Human	0.99488	201
HG00097.decoded.hap2.txt:22	49362000	51082000	1721000	Human	0.99549	37
HG00099.decoded.hap1.txt:22	19089000	20046000	958000	Human	0.99043	18
HG00099.decoded.hap1.txt:22	20791000	22940000	2150000	Human	0.99068	22
HG00099.decoded.hap1.txt:22	23360000	25492000	2133000	Human	0.99197	33
HG00099.decoded.hap1.txt:22	34419000	35357000	939000	Human	0.99477	32
HG00099.decoded.hap1.txt:22	35383000	40643000	5261000	Human	0.99321	105
HG00099.decoded.hap1.txt:22	44429000	46685000	2257000	Human	0.99369	55
HG00099.decoded.hap1.txt:22	46691000	50315000	3625000	Human	0.99546	102
HG00099.decoded.hap2.txt:22	19656000	25132000	5477000	Human	0.99207	67
HG00099.decoded.hap2.txt:22	25199000	29628000	4430000	Human	0.9914	100
HG00099.decoded.hap2.txt:22	36268000	37655000	1388000	Human	0.99041	30
HG00099.decoded.hap2.txt:22	38290000	45219000	6930000	Human	0.99344	132
HG00099.decoded.hap2.txt:22	45264000	49275000	4012000	Human	0.99641	119
HG00099.decoded.hap2.txt:22	49972000	51156000	1185000	Human	0.99631	25
HG00100.decoded.hap1.txt:22	20060000	27145000	7086000	Human	0.99083	119
HG00100.decoded.hap1.txt:22	27162000	29836000	2675000	Human	0.99239	58
HG00100.decoded.hap1.txt:22	34548000	40712000	6165000	Human	0.99648	116
HG00100.decoded.hap1.txt:22	40730000	47195000	6466000	Human	0.99279	155
HG00100.decoded.hap1.txt:22	47230000	48691000	1462000	Human	0.99516	49
HG00100.decoded.hap1.txt:22	48701000	50595000	1895000	Human	0.99473	58
HG00100.decoded.hap2.txt:22	18327000	19433000	1107000	Human	0.9905	13
HG00100.decoded.hap2.txt:22	20084000	24691000	4608000	Human	0.99048	55
HG00100.decoded.hap2.txt:22	30090000	31441000	1352000	Human	0.99094	21
HG00100.decoded.hap2.txt:22	31527000	35425000	3899000	Human	0.9963	60
HG00100.decoded.hap2.txt:22	36972000	40876000	3905000	Human	0.99405	75
HG00100.decoded.hap2.txt:22	40892000	48598000	7707000	Human	0.99476	181
HG00100.decoded.hap2.txt:22	49798000	50871000	1074000	Human	0.99023	31
HG00101.decoded.hap1.txt:22	19518000	20222000	705000	Human	0.9935	10
HG00101.decoded.hap1.txt:22	27162000	30144000	2983000	Human	0.99127	75
HG00101.decoded.hap1.txt:22	31751000	34073000	2323000	Human	0.99403	39
HG00101.decoded.hap1.txt:22	34106000	42614000	8509000	Human	0.99195	173
HG00101.decoded.hap1.txt:22	43405000	48597000	5193000	Human	0.9957	132
HG00101.decoded.hap1.txt:22	49002000	49323000	322000	Human	0.99037	10
HG00101.decoded.hap1.txt:22	49691000	50595000	905000	Human	0.99297	21
HG00101.decoded.hap2.txt:22	25576000	27320000	1745000	Human	0.9968	26
HG00101.decoded.hap2.txt:22	29565000	30672000	1108000	Human	0.99258	17
HG00101.decoded.hap2.txt:22	34032000	39240000	5209000	Human	0.99053	118
HG00101.decoded.hap2.txt:22	39249000	40813000	1565000	Human	0.99429	28
HG00101.decoded.hap2.txt:22	44379000	47444000	3066000	Human	0.99702	74
HG00101.decoded.hap2.txt:22	47450000	48692000	1243000	Human	0.99521	29
HG00101.decoded.hap2.txt:22	49386000	51150000	1765000	Human	0.99528	45
HG00403.decoded.hap1.txt:22	29355000	33143000	3789000	Human	0.99195	71
HG00403.decoded.hap1.txt:22	34419000	35731000	1313000	Human	0.99204	18
HG00403.decoded.hap1.txt:22	36799000	40792000	3994000	Human	0.99515	47
HG00403.decoded.hap1.txt:22	41050000	43522000	2473000	Human	0.99588	15
HG00403.decoded.hap1.txt:22	43544000	45248000	1705000	Human	0.99703	30
HG00403.decoded.hap1.txt:22	45842000	48813000	2972000	Human	0.99525	58
HG00403.decoded.hap1.txt:22	48925000	49754000	830000	Human	0.99429	27
HG00403.decoded.hap1.txt:22	49800000	50620000	821000	Human	0.99058	14
HG00403.decoded.hap2.txt:22	17573000	18563000	991000	Human	0.99423	13
HG00403.decoded.hap2.txt:22	22239000	23998000	1760000	Human	0.99507	17
HG00403.decoded.hap2.txt:22	24186000	25476000	1291000	Human	0.99144	16
HG00403.decoded.hap2.txt:22	25638000	27778000	2141000	Human	0.99136	41
HG00403.decoded.hap2.txt:22	29564000	32917000	3354000	Human	0.99297	34
HG00403.decoded.hap2.txt:22	32928000	38501000	5574000	Human	0.99499	90
HG00403.decoded.hap2.txt:22	38846000	40722000	1877000	Human	0.99309	21
HG00403.decoded.hap2.txt:22	42472000	45242000	2771000	Human	0.99454	54
HG00403.decoded.hap2.txt:22	45306000	48591000	3286000	Human	0.99742	50
HG00403.decoded.hap2.txt:22	49002000	49868000	867000	Human	0.99651	20
HG00403.decoded.hap2.txt:22	49876000	50868000	993000	Human	0.99284	19
HG00404.decoded.hap1.txt:22	19090000	19709000	620000	Human	0.99229	16
HG00404.decoded.hap1.txt:22	21374000	24691000	3318000	Human	0.99016	40
HG00404.decoded.hap1.txt:22	27041000	28127000	1087000	Human	0.99581	31
HG00404.decoded.hap1.txt:22	30741000	33142000	2402000	Human	0.99171	43
HG00404.decoded.hap1.txt:22	34078000	39075000	4998000	Human	0.99322	102
HG00404.decoded.hap1.txt:22	39079000	40719000	1641000	Human	0.99345	26
HG00404.decoded.hap1.txt:22	42473000	47339000	4867000	Human	0.99636	96
HG00404.decoded.hap1.txt:22	47455000	48927000	1473000	Human	0.99479	29
HG00404.decoded.hap2.txt:22	22089000	22344000	256000	Archaic	0.99161	51
HG00404.decoded.hap2.txt:22	22345000	22907000	563000	Human	0.99121	9
HG00404.decoded.hap2.txt:22	25300000	26829000	1530000	Human	0.99155	27
HG00404.decoded.hap2.txt:22	34419000	36003000	1585000	Human	0.99271	27
HG00404.decoded.hap2.txt:22	36019000	42469000	6451000	Human	0.9931	108
HG00404.decoded.hap2.txt:22	42471000	43525000	1055000	Human	0.9913	23
HG00404.decoded.hap2.txt:22	43543000	48901000	5359000	Human	0.99711	118
HG00404.decoded.hap2.txt:22	48944000	49274000	331000	Human	0.993	3
HG00406.decoded.hap1.txt:22	22345000	25481000	3137000	Human	0.99367	41
HG00406.decoded.hap1.txt:22	26279000	27320000	1042000	Human	0.99253	33
HG00406.decoded.hap1.txt:22	27791000	28641000	851000	Human	0.99096	17
HG00406.decoded.hap1.txt:22	29549000	32953000	3405000	Human	0.99028	61
HG00406.decoded.hap1.txt:22	34419000	40799000	6381000	Human	0.99243	119
HG00406.decoded.hap1.txt:22	42482000	43526000	1045000	Human	0.99241	16
HG00406.decoded.hap1.txt:22	43543000	48190000	4648000	Human	0.99624	101
HG00406.decoded.hap1.txt:22	48270000	48814000	545000	Human	0.991	18
HG00406.decoded.hap1.txt:22	48980000	49285000	306000	Human	0.99317	3
HG00406.decoded.hap1.txt:22	49335000	49925000	591000	Human	0.99335	27
HG00406.decoded.hap2.txt:22	23543000	25959000	2417000	Human	0.99434	30
HG00406.decoded.hap2.txt:22	30965000	32667000	1703000	Human	0.99067	25
HG00406.decoded.hap2.txt:22	32773000	34077000	1305000	Human	0.99406	33
HG00406.decoded.hap2.txt:22	36583000	43779000	7197000	Human	0.99376	117
HG00406.decoded.hap2.txt:22	44669000	48844000	4176000	Human	0.99678	113
HG00406.decoded.hap2.txt:22	48871000	51162000	2292000	Human	0.99688	58
HG00407.decoded.hap1.txt:22	25576000	27023000	1448000	Human	0.99538	32
HG00407.decoded.hap1.txt:22	33219000	42469000	9251000	Human	0.99232	186
HG00407.decoded.hap1.txt:22	42471000	44414000	1944000	Human	0.99045	55
HG00407.decoded.hap1.txt:22	44449000	48902000	4454000	Human	0.99627	110
HG00407.decoded.hap1.txt:22	49002000	51162000	2161000	Human	0.9977	54
HG00407.decoded.hap2.txt:22	17827000	18603000	777000	Human	0.99275	11
HG00407.decoded.hap2.txt:22	33470000	40802000	7333000	Human	0.99332	158
HG00407.decoded.hap2.txt:22	41044000	44162000	3119000	Human	0.99066	54
HG00407.decoded.hap2.txt:22	45306000	46787000	1482000	Human	0.99481	39
HG00407.decoded.hap2.txt:22	46799000	48168000	1370000	Human	0.99647	37
HG00407.decoded.hap2.txt:22	48248000	48861000	614000	Human	0.99498	20
HG00407.decoded.hap2.txt:22	49002000	50870000	1869000	Human	0.99202	66
HG00409.decoded.hap1.txt:22	27791000	28525000	735000	Human	0.9936	6
HG00409.decoded.hap1.txt:22	31200000	34113000	2914000	Human	0.99212	58
HG00409.decoded.hap1.txt:22	34191000	36114000	1924000	Human	0.99169	50
HG00409.decoded.hap1.txt:22	36119000	43775000	7657000	Human	0.99179	155
HG00409.decoded.hap1.txt:22	43819000	44640000	822000	Human	0.99438	15
HG00409.decoded.hap1.txt:22	44705000	49794000	5090000	Human	0.99791	141
HG00409.decoded.hap1.txt:22	49798000	51173000	1376000	Human	0.99018	40
HG00409.decoded.hap2.txt:22	21427000	24690000	3264000	Human	0.99068	51
HG00409.decoded.hap2.txt:22	30640000	33143000	2504000	Human	0.99165	62
HG00409.decoded.hap2.txt:22	36464000	42466000	6003000	Human	0.99319	106
HG00409.decoded.hap2.txt:22	42472000	47492000	5021000	Human	0.99681	114
HG00409.decoded.hap2.txt:22	47888000	48776000	889000	Human	0.99557	30
