HG00096.decoded.hap1.txt:22 25227000 25279000 12
HG00096.decoded.hap1.txt:22 29837000 29886000 8
HG00096.decoded.hap1.txt:22 32332000 32552000 120
HG00096.decoded.hap1.txt:22 32667000 32748000 31
HG00096.decoded.hap1.txt:22 32791000 32854000 17
HG00096.decoded.hap1.txt:22 33144000 33192000 16
HG00096.decoded.hap1.txt:22 49494000 49525000 12
HG00096.decoded.hap1.txt:22 49927000 50065000 49
HG00096.decoded.hap2.txt:22 19419000 19522000 19
HG00096.decoded.hap2.txt:22 24691000 24784000 13
HG00096.decoded.hap2.txt:22 29837000 29886000 8
HG00096.decoded.hap2.txt:22 32332000 32552000 119
HG00096.decoded.hap2.txt:22 32667000 32748000 30
HG00096.decoded.hap2.txt:22 32791000 32825000 12
HG00096.decoded.hap2.txt:22 32869000 32900000 8
HG00096.decoded.hap2.txt:22 34152000 34229000 33
HG00097.decoded.hap1.txt:22 19419000 19569000 32
HG00097.decoded.hap1.txt:22 26212000 26267000 28
HG00097.decoded.hap1.txt:22 27324000 27368000 15
HG00097.decoded.hap1.txt:22 32726000 32748000 8
HG00097.decoded.hap1.txt:22 32791000 32825000 12
HG00097.decoded.hap1.txt:22 43789000 43827000 15
HG00097.decoded.hap1.txt:22 49299000 49385000 35
HG00097.decoded.hap1.txt:22 49599000 49639000 26
HG00097.decoded.hap1.txt:22 49686000 49692000 6
HG00097.decoded.hap2.txt:22 17489000 17570000 33
HG00097.decoded.hap2.txt:22 19419000 19523000 20
HG00097.decoded.hap2.txt:22 27321000 27365000 15
HG00097.decoded.hap2.txt:22 35358000 35383000 10
HG00097.decoded.hap2.txt:22 41246000 41373000 12
HG00097.decoded.hap2.txt:22 49334000 49362000 23
HG00099.decoded.hap1.txt:22 18563000 18594000 9
HG00099.decoded.hap1.txt:22 23301000 23360000 18
HG00099.decoded.hap1.txt:22 28702000 28913000 23
HG00099.decoded.hap1.txt:22 32332000 32552000 126
HG00099.decoded.hap1.txt:22 34402000 34419000 9
HG00099.decoded.hap1.txt:22 35358000 35383000 10
HG00099.decoded.hap1.txt:22 50316000 50353000 21
HG00099.decoded.hap2.txt:22 19644000 19656000 11
HG00099.decoded.hap2.txt:22 25133000 25199000 15
HG00099.decoded.hap2.txt:22 34402000 34419000 8
HG00099.decoded.hap2.txt:22 45220000 45264000 14
HG00099.decoded.hap2.txt:22 49276000 49386000 52
HG00099.decoded.hap2.txt:22 49594000 49653000 42
HG00100.decoded.hap1.txt:22 19419000 19569000 32
HG00100.decoded.hap1.txt:22 29837000 29983000 18
HG00100.decoded.hap1.txt:22 47196000 47230000 16
HG00100.decoded.hap1.txt:22 51032000 51068000 13
HG00100.decoded.hap2.txt:22 19434000 19522000 18
HG00100.decoded.hap2.txt:22 24692000 24820000 19
HG00100.decoded.hap2.txt:22 31442000 31527000 25
HG00100.decoded.hap2.txt:22 48599000 48631000 26
HG00100.decoded.hap2.txt:22 49436000 49525000 35
HG00101.decoded.hap1.txt:22 17488000 17687000 57
HG00101.decoded.hap1.txt:22 19419000 19518000 19
HG00101.decoded.hap1.txt:22 24691000 24816000 20
HG00101.decoded.hap1.txt:22 43342000 43405000 12
HG00101.decoded.hap1.txt:22 48598000 48645000 32
HG00101.decoded.hap1.txt:22 49501000 49526000 11
HG00101.decoded.hap1.txt:22 51032000 51068000 12
HG00101.decoded.hap2.txt:22 19419000 19522000 21
HG00101.decoded.hap2.txt:22 27486000 27508000 11
HG00101.decoded.hap2.txt:22 28739000 28913000 19
HG00101.decoded.hap2.txt:22 40814000 41046000 48
HG00101.decoded.hap2.txt:22 44322000 44379000 15
HG00101.decoded.hap2.txt:22 48862000 48893000 13
HG00101.decoded.hap2.txt:22 49286000 49386000 42
HG00403.decoded.hap1.txt:22 17798000 17953000 37
HG00403.decoded.hap1.txt:22 20747000 20782000 11
HG00403.decoded.hap1.txt:22 25225000 25279000 16
HG00403.decoded.hap1.txt:22 26231000 26273000 24
HG00403.decoded.hap1.txt:22 26664000 26690000 12
HG00403.decoded.hap1.txt:22 26999000 27114000 28
HG00403.decoded.hap1.txt:22 27781000 27791000 6
HG00403.decoded.hap1.txt:22 33144000 33218000 21
HG00403.decoded.hap1.txt:22 34114000 34229000 51
HG00403.decoded.hap1.txt:22 40793000 41050000 52
HG00403.decoded.hap1.txt:22 45249000 45306000 25
HG00403.decoded.hap1.txt:22 48814000 48925000 44
HG00403.decoded.hap1.txt:22 49755000 49800000 25
HG00403.decoded.hap2.txt:22 17517000 17573000 30
HG00403.decoded.hap2.txt:22 20753000 20952000 51
HG00403.decoded.hap2.txt:22 22088000 22239000 26
HG00403.decoded.hap2.txt:22 23999000 24083000 15
HG00403.decoded.hap2.txt:22 27779000 27791000 7
HG00403.decoded.hap2.txt:22 48835000 48871000 17
HG00403.decoded.hap2.txt:22 48904000 49002000 38
HG00404.decoded.hap1.txt:22 20748000 20947000 57
HG00404.decoded.hap1.txt:22 21342000 21374000 14
HG00404.decoded.hap1.txt:22 26205000 26279000 35
HG00404.decoded.hap1.txt:22 26999000 27041000 12
HG00404.decoded.hap1.txt:22 28128000 28150000 11
HG00404.decoded.hap1.txt:22 33143000 33217000 22
HG00404.decoded.hap1.txt:22 47340000 47455000 32
HG00404.decoded.hap1.txt:22 48928000 48980000 23
HG00404.decoded.hap1.txt:22 49015000 49100000 41
HG00404.decoded.hap1.txt:22 49279000 49343000 27
HG00404.decoded.hap1.txt:22 49758000 49784000 20
HG00404.decoded.hap2.txt:22 17864000 17895000 10
HG00404.decoded.hap2.txt:22 20748000 20814000 23
HG00404.decoded.hap2.txt:22 22089000 22345000 51
HG00404.decoded.hap2.txt:22 24691000 24785000 14
HG00404.decoded.hap2.txt:22 34153000 34229000 33
HG00404.decoded.hap2.txt:22 34402000 34419000 8
HG00404.decoded.hap2.txt:22 48902000 48944000 23
HG00404.decoded.hap2.txt:22 49275000 49340000 27
HG00404.decoded.hap2.txt:22 50640000 50686000 14
HG00406.decoded.hap1.txt:22 17517000 17613000 36
HG00406.decoded.hap1.txt:22 17902000 17965000 18
HG00406.decoded.hap1.txt:22 19419000 19522000 21
HG00406.decoded.hap1.txt:22 20852000 20947000 32
HG00406.decoded.hap1.txt:22 22049000 22345000 58
HG00406.decoded.hap1.txt:22 25482000 25581000 17
HG00406.decoded.hap1.txt:22 26206000 26279000 35
HG00406.decoded.hap1.txt:22 27781000 27791000 7
HG00406.decoded.hap1.txt:22 32954000 32984000 10
HG00406.decoded.hap1.txt:22 48191000 48270000 32
HG00406.decoded.hap1.txt:22 48815000 48843000 19
HG00406.decoded.hap1.txt:22 48929000 48980000 23
HG00406.decoded.hap2.txt:22 17795000 17824000 9
HG00406.decoded.hap2.txt:22 21342000 21374000 14
HG00406.decoded.hap2.txt:22 27326000 27367000 16
HG00406.decoded.hap2.txt:22 48845000 48871000 12
HG00407.decoded.hap1.txt:22 17598000 17663000 15
HG00407.decoded.hap1.txt:22 24691000 24815000 18
HG00407.decoded.hap1.txt:22 27689000 27710000 8
HG00407.decoded.hap1.txt:22 27746000 27791000 21
HG00407.decoded.hap1.txt:22 33145000 33219000 21
HG00407.decoded.hap2.txt:22 17517000 17584000 32
HG00407.decoded.hap2.txt:22 17709000 17768000 11
HG00407.decoded.hap2.txt:22 19419000 19522000 21
HG00407.decoded.hap2.txt:22 27781000 27791000 6
HG00407.decoded.hap2.txt:22 40803000 41044000 51
HG00407.decoded.hap2.txt:22 45249000 45306000 24
HG00407.decoded.hap2.txt:22 48169000 48248000 27
HG00409.decoded.hap1.txt:22 19298000 19515000 43
HG00409.decoded.hap1.txt:22 26206000 26263000 31
HG00409.decoded.hap1.txt:22 27520000 27550000 11
HG00409.decoded.hap1.txt:22 27779000 27791000 7
HG00409.decoded.hap1.txt:22 34114000 34191000 26
HG00409.decoded.hap2.txt:22 17508000 17606000 37
HG00409.decoded.hap2.txt:22 20748000 20949000 56
HG00409.decoded.hap2.txt:22 24691000 24783000 14
HG00409.decoded.hap2.txt:22 26206000 26284000 37
HG00409.decoded.hap2.txt:22 26558000 26606000 11
HG00409.decoded.hap2.txt:22 27781000 27791000 6
HG00409.decoded.hap2.txt:22 29337000 29416000 15
HG00409.decoded.hap2.txt:22 29535000 29566000 7
HG00409.decoded.hap2.txt:22 33144000 33218000 20
HG00409.decoded.hap2.txt:22 47493000 47520000 15
HG00409.decoded.hap2.txt:22 47857000 47888000 19
HG00409.decoded.hap2.txt:22 48777000 48813000 25
HG00409.decoded.hap2.txt:22 49286000 49315000 13
HG00409.decoded.hap2.txt:22 49758000 49800000 24
HG00096.decoded.hap1.txt:22 32332000 32552000 120
HG00096.decoded.hap1.txt:22 32667000 32748000 31
HG00096.decoded.hap1.txt:22 32791000 32854000 17
HG00096.decoded.hap1.txt:22 49927000 50065000 49
HG00096.decoded.hap2.txt:22 32332000 32552000 119
HG00096.decoded.hap2.txt:22 32667000 32748000 30
HG00096.decoded.hap2.txt:22 34152000 34229000 33
HG00097.decoded.hap1.txt:22 19419000 19569000 32
HG00097.decoded.hap1.txt:22 27324000 27368000 15
HG00097.decoded.hap1.txt:22 49599000 49639000 26
HG00097.decoded.hap2.txt:22 17489000 17570000 33
HG00097.decoded.hap2.txt:22 49334000 49362000 23
HG00099.decoded.hap1.txt:22 23301000 23360000 18
HG00099.decoded.hap1.txt:22 32332000 32552000 126
HG00099.decoded.hap2.txt:22 25133000 25199000 15
HG00099.decoded.hap2.txt:22 49276000 49386000 52
HG00099.decoded.hap2.txt:22 49594000 49653000 42
HG00100.decoded.hap1.txt:22 19419000 19569000 32
HG00100.decoded.hap1.txt:22 47196000 47230000 16
HG00100.decoded.hap2.txt:22 49436000 49525000 35
HG00101.decoded.hap1.txt:22 17488000 17687000 57
HG00101.decoded.hap1.txt:22 24691000 24816000 20
HG00101.decoded.hap1.txt:22 48598000 48645000 32
HG00101.decoded.hap1.txt:22 49501000 49526000 11
HG00101.decoded.hap2.txt:22 19419000 19522000 21
HG00101.decoded.hap2.txt:22 40814000 41046000 48
HG00101.decoded.hap2.txt:22 49286000 49386000 42
HG00403.decoded.hap1.txt:22 17798000 17953000 37
HG00403.decoded.hap1.txt:22 25225000 25279000 16
HG00403.decoded.hap1.txt:22 26999000 27114000 28
HG00403.decoded.hap1.txt:22 34114000 34229000 51
HG00403.decoded.hap1.txt:22 48814000 48925000 44
HG00403.decoded.hap1.txt:22 49755000 49800000 25
HG00403.decoded.hap2.txt:22 20753000 20952000 51
HG00403.decoded.hap2.txt:22 22088000 22239000 26
HG00403.decoded.hap2.txt:22 48835000 48871000 17
HG00404.decoded.hap1.txt:22 20748000 20947000 57
HG00404.decoded.hap1.txt:22 26205000 26279000 35
HG00404.decoded.hap1.txt:22 47340000 47455000 32
HG00404.decoded.hap1.txt:22 48928000 48980000 23
HG00404.decoded.hap2.txt:22 20748000 20814000 23
HG00404.decoded.hap2.txt:22 22089000 22345000 51
HG00404.decoded.hap2.txt:22 34153000 34229000 33
HG00404.decoded.hap2.txt:22 48902000 48944000 23
HG00404.decoded.hap2.txt:22 49275000 49340000 27
HG00406.decoded.hap1.txt:22 19419000 19522000 21
HG00406.decoded.hap1.txt:22 20852000 20947000 32
HG00406.decoded.hap1.txt:22 22049000 22345000 58
HG00406.decoded.hap1.txt:22 26206000 26279000 35
HG00406.decoded.hap1.txt:22 48929000 48980000 23
HG00407.decoded.hap1.txt:22 27746000 27791000 21
HG00407.decoded.hap2.txt:22 19419000 19522000 21
HG00407.decoded.hap2.txt:22 40803000 41044000 51
HG00409.decoded.hap1.txt:22 19298000 19515000 43
HG00409.decoded.hap1.txt:22 26206000 26263000 31
HG00409.decoded.hap1.txt:22 34114000 34191000 26
HG00409.decoded.hap2.txt:22 20748000 20949000 56
HG00409.decoded.hap2.txt:22 26206000 26284000 37
HG00409.decoded.hap2.txt:22 26558000 26606000 11
HG00409.decoded.hap2.txt:22 47493000 47520000 15
HG00409.decoded.hap2.txt:22 47857000 47888000 19
HG00409.decoded.hap2.txt:22 48777000 48813000 25
HG00409.decoded.hap2.txt:22 49286000 49315000 13
HG00409.decoded.hap2.txt:22 49758000 49800000 24
HG00404.decoded.hap2.txt:22 22089000 22345000 51
