track type=bedGraph name=CHS_chr22
chr22	17907000	17968000 1
chr22	28749000	28911000 1
chr22	34153000	34229000 1
chr22	43789000	43820000 1
chr22	49417000	49462000 1
chr22	25347000	25369000 1
chr22	34402000	34421000 1
chr22	24694000	24786000 1
chr22	17794000	17829000 1
chr22	41953000	41997000 1
chr22	26917000	26974000 1
chr22	33153000	33219000 1
chr22	48903000	48973000 1
chr22	27002000	27111000 1
chr22	26206000	26284000 1
chr22	48982000	49100000 1
chr22	21319000	21395000 1
chr22	49758000	49780000 1
chr22	21342000	21375000 1
chr22	47681000	47719000 1
chr22	45224000	45247000 1
chr22	25224000	25278000 1
chr22	47493000	47516000 1
chr22	48913000	48944000 2
chr22	27781000	27818000 1
chr22	48926000	48976000 1
chr22	47493000	47520000 1
chr22	20764000	20860000 1
chr22	48702000	48810000 1
chr22	21101000	21376000 1
chr22	50496000	50736000 1
chr22	40806000	41052000 1
chr22	19417000	19524000 1
chr22	19725000	19741000 1
chr22	25225000	25278000 2
chr22	25565000	25596000 1
chr22	50033000	50060000 1
chr22	17796000	17833000 1
chr22	20928000	20946000 1
chr22	18968000	19133000 1
chr22	19418000	19524000 1
chr22	42276000	42346000 1
chr22	34114000	34229000 1
chr22	43781000	43819000 1
chr22	26206000	26264000 4
chr22	40810000	41035000 1
chr22	17895000	17953000 1
chr22	17798000	17874000 1
chr22	48813000	48907000 1
chr22	37101000	37125000 3
chr22	17904000	17953000 1
chr22	37010000	37032000 1
chr22	27781000	27792000 1
chr22	26689000	26732000 2
chr22	43780000	43813000 1
chr22	30036000	30121000 1
chr22	17796000	17823000 2
chr22	28128000	28168000 1
chr22	30040000	30114000 1
chr22	24694000	24787000 1
chr22	17587000	17609000 1
chr22	30035000	30111000 1
chr22	22802000	22880000 1
chr22	40811000	41035000 2
chr22	22078000	22347000 1
chr22	31830000	31941000 1
chr22	49184000	49201000 1
chr22	37102000	37125000 1
chr22	49758000	49781000 1
chr22	21342000	21376000 1
chr22	34114000	34141000 1
chr22	44141000	44202000 1
chr22	17865000	17965000 1
chr22	27000000	27041000 1
chr22	19725000	19738000 1
chr22	40778000	41035000 2
chr22	34114000	34127000 1
chr22	48819000	48937000 1
chr22	21343000	21376000 1
chr22	24692000	24788000 1
chr22	19152000	19515000 1
chr22	25565000	25597000 1
chr22	45231000	45265000 5
chr22	45220000	45239000 2
chr22	49755000	49799000 1
chr22	27000000	27113000 1
chr22	48191000	48270000 1
chr22	49016000	49089000 1
chr22	26551000	26606000 1
chr22	30040000	30125000 1
chr22	21342000	21370000 1
chr22	50608000	50712000 1
chr22	17865000	17955000 1
chr22	24693000	24788000 1
chr22	19153000	19515000 1
chr22	45231000	45306000 1
chr22	22073000	22349000 1
chr22	34402000	34419000 1
chr22	45248000	45306000 1
chr22	40814000	41035000 1
chr22	20754000	20952000 1
chr22	49407000	49417000 1
chr22	50138000	50354000 1
chr22	48902000	48944000 1
chr22	32614000	32643000 1
chr22	21341000	21377000 1
chr22	48592000	48627000 1
chr22	26664000	26690000 1
chr22	43784000	43813000 2
chr22	20765000	20964000 1
chr22	31787000	31905000 1
chr22	45249000	45306000 2
chr22	40815000	41035000 2
chr22	45696000	45750000 1
chr22	48903000	48944000 1
chr22	31830000	31942000 1
chr22	34114000	34169000 1
chr22	49787000	49818000 1
chr22	24086000	24186000 1
chr22	21342000	21377000 3
chr22	47857000	47888000 2
chr22	35418000	35444000 1
chr22	50646000	50724000 1
chr22	34114000	34142000 1
chr22	31788000	31905000 4
chr22	22801000	22888000 1
chr22	27948000	28035000 1
chr22	19710000	19732000 1
chr22	48904000	48944000 1
chr22	42175000	42218000 1
chr22	49758000	49799000 1
chr22	20749000	20812000 2
chr22	27516000	27564000 1
chr22	39772000	39863000 1
chr22	27326000	27368000 1
chr22	21101000	21320000 2
chr22	48169000	48270000 1
chr22	43786000	43813000 8
chr22	17888000	17938000 1
chr22	33120000	33217000 1
chr22	44496000	44518000 1
chr22	48961000	49003000 1
chr22	20762000	20791000 1
chr22	48854000	48944000 1
chr22	33023000	33224000 1
chr22	24693000	24789000 2
chr22	18968000	19135000 1
chr22	20749000	20946000 2
chr22	27746000	27792000 1
chr22	34105000	34229000 2
chr22	38815000	38847000 1
chr22	43789000	43819000 1
chr22	42285000	42354000 1
chr22	17905000	17965000 1
chr22	48247000	48270000 1
chr22	17599000	17647000 1
chr22	31731000	31905000 1
chr22	20852000	20946000 1
chr22	48592000	48628000 2
chr22	30040000	30116000 2
chr22	49758000	49779000 1
chr22	31788000	31947000 1
chr22	34106000	34229000 1
chr22	28753000	28911000 1
chr22	28128000	28143000 1
chr22	17865000	17895000 1
chr22	40815000	41036000 1
chr22	45696000	45751000 1
chr22	27002000	27114000 1
chr22	48844000	48871000 1
chr22	49758000	49783000 1
chr22	43785000	43814000 1
chr22	46313000	46337000 1
chr22	50869000	50905000 1
chr22	45231000	45250000 1
chr22	17865000	17967000 1
chr22	28715000	28927000 1
chr22	20067000	20184000 1
chr22	19533000	19569000 1
chr22	31839000	31941000 1
chr22	20765000	20791000 2
chr22	48845000	48871000 1
chr22	26558000	26606000 1
chr22	49868000	49884000 1
chr22	43786000	43814000 2
chr22	27732000	27792000 1
chr22	38801000	38847000 1
chr22	44151000	44206000 1
chr22	27839000	27875000 2
chr22	17599000	17658000 1
chr22	49556000	49590000 2
chr22	21342000	21372000 1
chr22	22089000	22238000 1
chr22	40137000	40243000 2
chr22	28716000	28927000 1
chr22	35506000	35529000 1
chr22	45696000	45731000 1
chr22	30040000	30162000 1
chr22	17587000	17657000 1
chr22	28091000	28163000 1
chr22	48928000	48979000 1
chr22	40805000	41035000 1
chr22	17794000	17820000 1
chr22	49178000	49201000 3
chr22	26282000	26314000 1
chr22	30577000	30701000 1
chr22	17796000	17826000 1
chr22	20764000	20956000 1
chr22	22089000	22345000 1
chr22	27562000	27624000 1
chr22	20067000	20195000 1
chr22	39671000	39735000 1
chr22	22078000	22268000 1
chr22	17587000	17647000 1
chr22	19290000	19515000 1
chr22	25445000	25507000 1
chr22	45231000	45247000 1
chr22	48110000	48220000 1
chr22	48828000	48843000 1
chr22	29477000	29550000 1
chr22	20222000	20260000 1
chr22	17798000	17953000 1
chr22	27620000	27641000 1
chr22	40798000	41035000 1
chr22	48982000	49039000 1
chr22	33023000	33123000 1
chr22	20764000	20946000 1
chr22	20749000	20814000 1
chr22	19419000	19521000 4
chr22	43786000	43815000 2
chr22	17587000	17606000 7
chr22	32955000	32984000 2
chr22	28628000	28920000 1
chr22	33153000	33217000 4
chr22	27775000	27844000 1
chr22	20967000	20996000 1
chr22	33153000	33221000 1
chr22	51078000	51104000 1
chr22	27779000	27792000 2
chr22	24694000	24825000 1
chr22	17852000	17875000 1
chr22	20749000	20948000 1
chr22	50645000	50686000 1
chr22	49860000	49877000 2
chr22	27040000	27076000 1
chr22	32920000	32997000 1
chr22	28756000	28912000 2
chr22	50446000	50488000 1
chr22	20749000	20952000 1
chr22	29472000	29548000 1
chr22	40805000	41036000 1
chr22	48903000	48930000 1
chr22	50730000	50928000 1
chr22	29338000	29416000 1
chr22	17813000	17895000 1
chr22	49536000	49553000 1
chr22	48814000	48843000 1
chr22	49861000	49877000 4
chr22	33121000	33141000 1
chr22	49036000	49083000 1
chr22	19132000	19515000 1
chr22	20775000	20952000 1
chr22	50608000	50705000 1
chr22	50646000	50686000 1
chr22	48169000	48248000 1
chr22	22076000	22345000 1
chr22	33023000	33134000 1
chr22	50163000	50347000 1
chr22	48903000	48978000 1
chr22	42285000	42346000 1
chr22	48169000	48221000 1
chr22	30615000	30749000 1
chr22	48835000	48871000 1
chr22	26595000	26644000 2
chr22	26205000	26279000 1
chr22	48815000	48843000 1
chr22	48777000	48813000 1
chr22	44658000	44707000 1
chr22	50933000	50982000 1
chr22	22086000	22347000 1
chr22	21101000	21319000 1
chr22	34402000	34420000 1
chr22	34114000	34180000 1
chr22	20749000	20959000 1
chr22	50025000	50069000 1
chr22	26206000	26279000 1
chr22	22862000	22919000 1
chr22	32197000	32259000 1
chr22	43786000	43816000 2
chr22	20794000	20946000 1
chr22	22078000	22345000 1
chr22	26246000	26314000 1
chr22	27326000	27344000 1
chr22	49960000	50014000 1
chr22	22215000	22265000 1
chr22	34114000	34252000 1
chr22	44150000	44202000 1
chr22	49867000	49880000 1
chr22	34114000	34170000 1
chr22	49017000	49100000 1
chr22	27518000	27550000 1
chr22	48854000	48978000 1
chr22	17940000	17953000 1
chr22	50645000	50687000 1
chr22	33150000	33219000 1
chr22	26433000	26460000 1
chr22	24693000	24816000 1
chr22	26231000	26273000 1
chr22	48982000	49003000 1
chr22	47339000	47448000 1
chr22	44151000	44202000 2
chr22	40137000	40317000 1
chr22	31787000	31872000 1
chr22	50646000	50687000 1
chr22	45240000	45265000 1
chr22	27620000	27653000 1
chr22	28748000	28911000 1
chr22	17865000	17953000 1
chr22	42285000	42347000 1
chr22	26822000	26974000 1
chr22	28128000	28150000 1
chr22	26689000	26727000 1
chr22	41956000	41996000 2
